Tensão U2	Tensão U1
U2/V	U1/V

0,00	0,31
0,00	0,31
0,00	0,31
0,00	0,31
0,00	0,31
0,00	0,31
0,01	0,31
0,01	0,31
0,01	0,31
0,01	0,31
0,01	0,31
0,02	0,31
0,03	0,31
0,05	0,31
0,06	0,31
0,08	0,31
0,10	0,31
0,11	0,31
0,13	0,31
0,15	0,31
0,17	0,31
0,19	0,31
0,21	0,31
0,23	0,31
0,25	0,31
0,26	0,31
0,28	0,31
0,30	0,31
0,32	0,31
0,33	0,31
0,34	0,31
0,36	0,31
0,38	0,31
0,40	0,32
0,41	0,32
0,42	0,32
0,44	0,32
0,45	0,32
0,47	0,32
0,49	0,32
0,50	0,32
0,52	0,32
0,53	0,33
0,55	0,33
0,57	0,33
0,59	0,33
0,61	0,33
0,63	0,33
0,64	0,34
0,66	0,34
0,68	0,34
0,70	0,34
0,72	0,35
0,74	0,35
0,75	0,35
0,76	0,36
0,78	0,36
0,80	0,36
0,81	0,37
0,83	0,37
0,84	0,37
0,86	0,38
0,88	0,38
0,89	0,39
0,91	0,39
0,93	0,39
0,94	0,40
0,96	0,40
0,98	0,41
0,99	0,42
1,01	0,42
1,03	0,43
1,05	0,43
1,06	0,44
1,08	0,45
1,09	0,45
1,11	0,46
1,12	0,46
1,14	0,47
1,15	0,48
1,16	0,49
1,18	0,49
1,19	0,50
1,20	0,51
1,22	0,51
1,24	0,52
1,26	0,53
1,27	0,54
1,29	0,55
1,31	0,55
1,33	0,56
1,35	0,57
1,36	0,58
1,38	0,59
1,39	0,60
1,41	0,60
1,42	0,61
1,44	0,62
1,45	0,63
1,46	0,64
1,48	0,65
1,49	0,66
1,51	0,66
1,53	0,67
1,54	0,68
1,56	0,69
1,58	0,70
1,59	0,71
1,61	0,71
1,62	0,72
1,64	0,73
1,65	0,74
1,67	0,74
1,68	0,75
1,70	0,76
1,72	0,77
1,73	0,77
1,75	0,78
1,77	0,79
1,78	0,80
1,79	0,80
1,81	0,81
1,82	0,82
1,84	0,82
1,86	0,83
1,87	0,84
1,89	0,84
1,90	0,85
1,92	0,85
1,93	0,86
1,95	0,86
1,97	0,87
1,98	0,87
2,00	0,88
2,01	0,88
2,03	0,89
2,04	0,89
2,05	0,90
2,07	0,90
2,08	0,91
2,09	0,91
2,11	0,91
2,12	0,92
2,14	0,92
2,15	0,92
2,17	0,93
2,18	0,93
2,20	0,94
2,22	0,94
2,23	0,94
2,25	0,94
2,26	0,95
2,28	0,95
2,29	0,95
2,30	0,95
2,32	0,95
2,33	0,96
2,35	0,96
2,36	0,96
2,37	0,96
2,39	0,96
2,40	0,96
2,42	0,97
2,44	0,97
2,45	0,97
2,46	0,97
2,48	0,97
2,49	0,97
2,51	0,97
2,52	0,97
2,53	0,98
2,55	0,98
2,56	0,98
2,57	0,98
2,59	0,98
2,60	0,98
2,62	0,98
2,63	0,99
2,64	0,99
2,66	0,99
2,68	0,99
2,69	0,99
2,71	0,99
2,72	0,99
2,74	0,99
2,75	1,00
2,77	1,00
2,78	1,00
2,80	1,00
2,81	1,00
2,82	1,00
2,84	1,00
2,85	1,00
2,86	1,01
2,88	1,01
2,89	1,01
2,90	1,01
2,92	1,02
2,93	1,02
2,95	1,02
2,96	1,02
2,97	1,03
2,99	1,03
3,00	1,03
3,02	1,04
3,03	1,04
3,05	1,04
3,06	1,05
3,07	1,05
3,09	1,05
3,10	1,06
3,11	1,06
3,13	1,07
3,14	1,07
3,15	1,08
3,16	1,08
3,18	1,09
3,19	1,09
3,21	1,10
3,22	1,10
3,23	1,11
3,25	1,12
3,26	1,12
3,28	1,13
3,29	1,14
3,31	1,14
3,32	1,15
3,33	1,16
3,35	1,17
3,36	1,18
3,37	1,18
3,39	1,19
3,40	1,20
3,41	1,21
3,42	1,22
3,43	1,23
3,44	1,24
3,46	1,25
3,47	1,26
3,48	1,27
3,50	1,28
3,51	1,30
3,53	1,31
3,54	1,32
3,56	1,33
3,57	1,35
3,58	1,36
3,60	1,37
3,61	1,39
3,62	1,40
3,64	1,42
3,65	1,43
3,67	1,44
3,68	1,46
3,69	1,48
3,70	1,49
3,72	1,51
3,73	1,52
3,74	1,54
3,75	1,56
3,77	1,58
3,78	1,59
3,79	1,61
3,80	1,63
3,82	1,65
3,83	1,67
3,84	1,68
3,86	1,70
3,87	1,72
3,88	1,74
3,89	1,76
3,91	1,78
3,92	1,80
3,93	1,82
3,94	1,84
3,96	1,86
3,97	1,88
3,98	1,90
3,99	1,92
4,00	1,94
4,02	1,96
4,03	1,98
4,04	2,00
4,06	2,02
4,07	2,04
4,08	2,06
4,10	2,08
4,11	2,10
4,12	2,11
4,14	2,13
4,15	2,15
4,16	2,17
4,17	2,19
4,19	2,21
4,20	2,22
4,21	2,24
4,22	2,26
4,24	2,27
4,25	2,29
4,26	2,31
4,28	2,32
4,29	2,34
4,30	2,35
4,31	2,37
4,32	2,38
4,33	2,39
4,34	2,41
4,36	2,42
4,37	2,44
4,38	2,45
4,39	2,46
4,41	2,47
4,42	2,48
4,43	2,50
4,44	2,51
4,46	2,52
4,47	2,53
4,48	2,54
4,49	2,55
4,51	2,56
4,52	2,56
4,53	2,57
4,54	2,58
4,55	2,59
4,57	2,59
4,58	2,60
4,59	2,61
4,61	2,61
4,62	2,62
4,63	2,63
4,64	2,63
4,65	2,64
4,66	2,64
4,67	2,65
4,68	2,65
4,70	2,65
4,71	2,66
4,72	2,66
4,73	2,66
4,74	2,67
4,76	2,67
4,77	2,67
4,78	2,67
4,79	2,67
4,81	2,68
4,82	2,68
4,83	2,68
4,84	2,68
4,85	2,68
4,86	2,68
4,87	2,68
4,88	2,68
4,89	2,68
4,91	2,68
4,92	2,68
4,93	2,67
4,94	2,67
4,95	2,67
4,97	2,67
4,98	2,67
4,99	2,67
5,00	2,67
5,01	2,67
5,02	2,66
5,04	2,66
5,05	2,66
5,06	2,66
5,07	2,65
5,08	2,65
5,09	2,65
5,10	2,65
5,11	2,65
5,13	2,64
5,14	2,64
5,15	2,64
5,16	2,64
5,17	2,63
5,18	2,63
5,19	2,63
5,20	2,63
5,22	2,62
5,23	2,62
5,24	2,62
5,25	2,62
5,26	2,62
5,28	2,61
5,29	2,61
5,30	2,61
5,31	2,61
5,32	2,61
5,33	2,60
5,34	2,60
5,35	2,60
5,36	2,60
5,37	2,60
5,38	2,60
5,39	2,60
5,40	2,59
5,41	2,59
5,43	2,59
5,44	2,59
5,45	2,59
5,46	2,59
5,47	2,59
5,48	2,59
5,49	2,59
5,51	2,59
5,52	2,60
5,53	2,60
5,54	2,60
5,55	2,60
5,56	2,60
5,57	2,60
5,58	2,60
5,59	2,61
5,60	2,61
5,61	2,61
5,63	2,61
5,64	2,62
5,65	2,62
5,66	2,63
5,67	2,63
5,68	2,63
5,69	2,64
5,70	2,64
5,71	2,65
5,72	2,65
5,73	2,66
5,75	2,67
5,76	2,67
5,77	2,68
5,78	2,68
5,79	2,69
5,80	2,70
5,81	2,71
5,82	2,71
5,83	2,72
5,84	2,73
5,85	2,74
5,86	2,75
5,87	2,76
5,88	2,77
5,89	2,78
5,90	2,79
5,91	2,80
5,92	2,81
5,93	2,82
5,94	2,83
5,95	2,84
5,96	2,86
5,97	2,87
5,99	2,88
6,00	2,90
6,01	2,91
6,02	2,92
6,03	2,94
6,04	2,95
6,05	2,97
6,06	2,98
6,07	3,00
6,08	3,02
6,09	3,03
6,10	3,05
6,11	3,07
6,12	3,09
6,13	3,10
6,14	3,12
6,15	3,14
6,16	3,16
6,17	3,18
6,18	3,20
6,19	3,22
6,20	3,24
6,21	3,26
6,22	3,28
6,23	3,31
6,24	3,33
6,25	3,35
6,26	3,37
6,27	3,40
6,28	3,42
6,29	3,44
6,30	3,47
6,31	3,49
6,32	3,52
6,33	3,54
6,34	3,57
6,35	3,60
6,36	3,62
6,37	3,65
6,38	3,68
6,39	3,70
6,41	3,73
6,41	3,76
6,42	3,79
6,43	3,82
6,44	3,85
6,45	3,88
6,46	3,91
6,47	3,94
6,48	3,97
6,49	4,00
6,50	4,03
6,51	4,06
6,52	4,09
6,53	4,12
6,54	4,15
6,55	4,18
6,56	4,22
6,57	4,25
6,58	4,28
6,59	4,31
6,60	4,34
6,61	4,38
6,62	4,41
6,62	4,44
6,63	4,47
6,64	4,50
6,65	4,54
6,66	4,57
6,67	4,60
6,68	4,63
6,69	4,66
6,70	4,69
6,71	4,72
6,72	4,75
6,73	4,79
6,74	4,81
6,75	4,84
6,76	4,87
6,77	4,90
6,78	4,93
6,79	4,96
6,80	4,99
6,81	5,02
6,82	5,05
6,82	5,07
6,83	5,10
6,84	5,13
6,85	5,15
6,86	5,18
6,87	5,21
6,88	5,23
6,89	5,26
6,90	5,28
6,91	5,30
6,92	5,33
6,93	5,35
6,93	5,37
6,94	5,39
6,95	5,42
6,96	5,44
6,97	5,46
6,98	5,48
6,99	5,50
7,00	5,52
7,01	5,53
7,01	5,55
7,02	5,57
7,03	5,59
7,04	5,60
7,05	5,62
7,07	5,63
7,07	5,65
7,08	5,66
7,09	5,68
7,10	5,69
7,11	5,70
7,12	5,72
7,13	5,73
7,14	5,74
7,15	5,75
7,16	5,76
7,16	5,77
7,17	5,78
7,18	5,79
7,19	5,80
7,20	5,81
7,21	5,81
7,22	5,82
7,23	5,83
7,24	5,83
7,24	5,84
7,25	5,84
7,26	5,85
7,27	5,85
7,28	5,86
7,29	5,86
7,30	5,86
7,30	5,87
7,32	5,87
7,32	5,87
7,33	5,87
7,34	5,88
7,35	5,88
7,36	5,88
7,37	5,88
7,38	5,88
7,38	5,88
7,39	5,88
7,40	5,87
7,41	5,87
7,42	5,87
7,43	5,87
7,44	5,87
7,45	5,86
7,46	5,86
7,47	5,86
7,48	5,85
7,49	5,85
7,50	5,85
7,51	5,84
7,52	5,84
7,53	5,83
7,53	5,83
7,54	5,83
7,55	5,82
7,56	5,82
7,57	5,81
7,58	5,81
7,58	5,80
7,59	5,79
7,60	5,79
7,61	5,78
7,62	5,78
7,63	5,77
7,63	5,76
7,64	5,76
7,65	5,75
7,66	5,74
7,67	5,74
7,67	5,73
7,68	5,72
7,69	5,71
7,70	5,71
7,70	5,70
7,71	5,69
7,72	5,69
7,73	5,68
7,74	5,67
7,75	5,67
7,75	5,66
7,76	5,65
7,77	5,64
7,78	5,64
7,79	5,63
7,80	5,62
7,81	5,62
7,82	5,61
7,82	5,60
7,83	5,60
7,84	5,59
7,85	5,58
7,86	5,58
7,86	5,57
7,87	5,56
7,88	5,56
7,89	5,55
7,90	5,54
7,91	5,54
7,92	5,53
7,93	5,53
7,93	5,52
7,94	5,52
7,95	5,51
7,96	5,51
7,96	5,50
7,97	5,50
7,97	5,49
7,98	5,49
7,99	5,48
8,00	5,48
8,01	5,47
8,01	5,47
8,02	5,47
8,03	5,46
8,04	5,46
8,05	5,45
8,06	5,45
8,07	5,45
8,07	5,45
8,07	5,44
8,08	5,44
8,09	5,44
8,10	5,44
8,10	5,43
8,11	5,43
8,12	5,43
8,13	5,43
8,14	5,43
8,15	5,43
8,16	5,43
8,18	5,43
8,18	5,43
8,19	5,43
8,20	5,43
8,21	5,43
8,22	5,43
8,22	5,43
8,23	5,43
8,24	5,43
8,24	5,44
8,25	5,44
8,26	5,44
8,26	5,44
8,27	5,45
8,28	5,45
8,29	5,45
8,30	5,46
8,31	5,46
8,32	5,46
8,32	5,47
8,33	5,47
8,33	5,48
8,35	5,48
8,36	5,49
8,36	5,49
8,37	5,50
8,38	5,51
8,39	5,51
8,39	5,52
8,40	5,53
8,40	5,53
8,41	5,54
8,42	5,55
8,43	5,56
8,43	5,57
8,44	5,58
8,45	5,59
8,45	5,60
8,46	5,60
8,47	5,61
8,48	5,63
8,48	5,64
8,49	5,65
8,50	5,66
8,51	5,67
8,52	5,68
8,52	5,69
8,53	5,71
8,54	5,72
8,55	5,73
8,55	5,75
8,56	5,76
8,57	5,77
8,58	5,79
8,58	5,80
8,59	5,82
8,60	5,83
8,60	5,85
8,61	5,87
8,62	5,88
8,62	5,90
8,63	5,92
8,64	5,93
8,65	5,95
8,65	5,97
8,66	5,99
8,67	6,01
8,68	6,03
8,68	6,04
8,69	6,06
8,70	6,08
8,70	6,10
8,71	6,12
8,72	6,15
8,73	6,17
8,73	6,19
8,74	6,21
8,75	6,23
8,75	6,26
8,76	6,28
8,77	6,30
8,77	6,33
8,78	6,35
8,79	6,38
8,80	6,40
8,81	6,43
8,81	6,45
8,82	6,48
8,83	6,50
8,84	6,53
8,84	6,56
8,85	6,58
8,86	6,61
8,86	6,64
8,87	6,67
8,88	6,70
8,88	6,72
8,89	6,75
8,90	6,78
8,90	6,81
8,91	6,84
8,92	6,87
8,92	6,90
8,93	6,94
8,94	6,97
8,95	7,00
8,95	7,03
8,96	7,06
8,97	7,10
8,98	7,13
8,99	7,16
8,99	7,20
9,00	7,23
9,01	7,26
9,02	7,30
9,02	7,33
9,03	7,37
9,04	7,40
9,04	7,44
9,05	7,47
9,05	7,51
9,06	7,55
9,07	7,58
9,07	7,62
9,08	7,66
9,09	7,70
9,09	7,73
9,10	7,77
9,11	7,81
9,12	7,85
9,12	7,89
9,13	7,92
9,14	7,96
9,14	8,00
9,15	8,04
9,16	8,08
9,16	8,12
9,17	8,16
9,18	8,20
9,18	8,24
9,19	8,28
9,20	8,32
9,21	8,36
9,21	8,40
9,22	8,44
9,23	8,48
9,23	8,52
9,24	8,56
9,25	8,60
9,25	8,64
9,26	8,68
9,27	8,72
9,27	8,76
9,28	8,80
9,28	8,84
9,29	8,88
9,30	8,92
9,30	8,96
9,31	9,00
9,32	9,03
9,33	9,07
9,33	9,11
9,34	9,15
9,35	9,19
9,36	9,23
9,36	9,27
9,37	9,30
9,38	9,34
9,38	9,38
9,39	9,42
9,39	9,46
9,40	9,49
9,41	9,53
9,41	9,57
9,42	9,60
9,42	9,64
9,43	9,67
9,43	9,71
9,44	9,74
9,44	9,78
9,45	9,81
9,46	9,85
9,47	9,88
9,47	9,92
9,48	9,95
9,48	9,98
9,49	9,99
9,50	9,99
9,51	9,99
9,51	9,99
9,52	9,98
9,52	9,97
9,53	9,96
9,54	9,94
9,54	9,92
9,55	9,90
9,56	9,90
9,57	9,90
9,57	9,90
9,58	9,90
9,58	9,90
9,59	9,90
9,60	9,90
9,60	9,90
9,61	9,90
9,61	9,90
9,62	9,90
9,63	9,90
9,63	9,90
9,64	9,90
9,64	9,90
9,65	9,90
9,66	9,90
9,66	9,90
9,67	9,90
9,68	9,90
9,68	9,90
9,69	9,90
9,69	9,90
9,70	9,90
9,71	9,90
9,71	9,90
9,72	9,90
9,72	9,90
9,73	9,90
9,74	9,90
9,74	9,90
9,75	9,90
9,76	9,90
9,76	9,90
9,77	9,90
9,78	9,90
9,78	9,90
9,79	9,90
9,80	9,90
9,80	9,90
9,81	9,90
9,81	9,90
9,82	9,90
9,83	9,90
9,83	9,90
9,84	9,90
9,85	9,90
9,85	9,90
9,86	9,90
9,86	9,90
9,87	9,90
9,87	9,90
9,88	9,90
9,88	9,90
9,89	9,90
9,90	9,90
9,90	9,90
9,91	9,90
9,91	9,90
9,92	9,90
9,92	9,90
9,93	9,90
9,94	9,90
9,94	9,90
9,95	9,90
9,96	9,90
9,96	9,90
9,97	9,90
9,98	9,90
9,98	9,90
9,99	9,90
10,00	9,90
10,00	9,90
10,01	9,90
10,01	9,90
10,02	9,90
10,02	9,90
10,03	9,90
10,03	9,90
10,04	9,90
10,05	9,90
