Tensão U2	Tensão U1
U2/V	U1/V

-0,03	0,03
-0,03	0,03
-0,03	0,03
-0,03	0,03
-0,03	0,02
-0,02	0,02
-0,02	0,02
-0,02	0,03
-0,01	0,03
-0,01	0,03
0,00	0,03
0,02	0,03
0,03	0,02
0,05	0,02
0,07	0,02
0,09	0,02
0,11	0,02
0,14	0,02
0,16	0,02
0,18	0,02
0,20	0,02
0,23	0,02
0,25	0,02
0,27	0,03
0,29	0,03
0,31	0,03
0,33	0,03
0,35	0,03
0,36	0,03
0,38	0,03
0,41	0,03
0,41	0,03
0,43	0,03
0,45	0,03
0,47	0,03
0,48	0,03
0,50	0,03
0,52	0,03
0,54	0,03
0,56	0,03
0,58	0,03
0,60	0,03
0,63	0,03
0,64	0,03
0,67	0,03
0,69	0,03
0,71	0,03
0,73	0,03
0,75	0,03
0,77	0,03
0,79	0,03
0,81	0,03
0,83	0,04
0,84	0,04
0,86	0,04
0,88	0,04
0,90	0,04
0,92	0,04
0,94	0,04
0,96	0,04
0,98	0,04
1,00	0,04
1,02	0,04
1,04	0,04
1,06	0,04
1,08	0,04
1,10	0,04
1,12	0,04
1,14	0,04
1,16	0,04
1,18	0,04
1,20	0,04
1,21	0,05
1,23	0,05
1,25	0,05
1,27	0,05
1,29	0,05
1,30	0,05
1,33	0,05
1,35	0,05
1,37	0,05
1,38	0,05
1,40	0,05
1,42	0,05
1,44	0,06
1,46	0,06
1,48	0,06
1,50	0,06
1,51	0,06
1,53	0,06
1,55	0,06
1,57	0,06
1,58	0,06
1,60	0,06
1,62	0,06
1,64	0,06
1,66	0,06
1,68	0,06
1,69	0,06
1,71	0,06
1,73	0,06
1,75	0,06
1,77	0,07
1,79	0,07
1,81	0,07
1,83	0,07
1,85	0,07
1,86	0,07
1,88	0,07
1,90	0,07
1,92	0,07
1,94	0,07
1,96	0,07
1,97	0,07
1,99	0,07
2,01	0,07
2,03	0,07
2,04	0,07
2,06	0,07
2,08	0,07
2,10	0,07
2,12	0,07
2,13	0,07
2,15	0,07
2,16	0,07
2,18	0,07
2,20	0,07
2,22	0,07
2,24	0,07
2,25	0,07
2,27	0,07
2,29	0,08
2,31	0,08
2,33	0,08
2,34	0,08
2,36	0,08
2,38	0,08
2,39	0,08
2,41	0,08
2,43	0,08
2,45	0,08
2,47	0,08
2,49	0,07
2,50	0,07
2,52	0,08
2,54	0,08
2,56	0,08
2,58	0,08
2,59	0,08
2,61	0,08
2,62	0,08
2,64	0,08
2,66	0,08
2,68	0,08
2,69	0,08
2,71	0,08
2,73	0,08
2,74	0,08
2,76	0,08
2,78	0,08
2,80	0,08
2,81	0,08
2,83	0,08
2,85	0,08
2,86	0,08
2,88	0,08
2,89	0,08
2,91	0,08
2,93	0,08
2,95	0,08
2,96	0,08
2,98	0,08
3,00	0,08
3,02	0,08
3,03	0,08
3,05	0,08
3,07	0,08
3,08	0,08
3,10	0,08
3,12	0,08
3,13	0,08
3,15	0,08
3,17	0,08
3,19	0,08
3,20	0,08
3,22	0,08
3,23	0,08
3,25	0,08
3,27	0,08
3,29	0,09
3,31	0,09
3,32	0,09
3,34	0,09
3,36	0,09
3,37	0,09
3,39	0,09
3,41	0,09
3,42	0,09
3,43	0,09
3,45	0,10
3,46	0,10
3,48	0,10
3,50	0,10
3,51	0,10
3,53	0,10
3,55	0,10
3,56	0,10
3,58	0,10
3,60	0,11
3,61	0,11
3,63	0,11
3,65	0,11
3,66	0,11
3,67	0,11
3,69	0,12
3,70	0,12
3,72	0,12
3,73	0,12
3,75	0,12
3,77	0,13
3,78	0,13
3,80	0,13
3,81	0,13
3,83	0,13
3,85	0,13
3,87	0,14
3,89	0,14
3,90	0,14
3,92	0,14
3,93	0,14
3,94	0,15
3,96	0,15
3,97	0,15
3,99	0,15
4,01	0,15
4,02	0,15
4,03	0,16
4,05	0,16
4,07	0,16
4,08	0,16
4,10	0,16
4,12	0,16
4,13	0,17
4,15	0,17
4,16	0,17
4,17	0,17
4,19	0,17
4,21	0,18
4,22	0,18
4,24	0,18
4,26	0,18
4,28	0,18
4,29	0,18
4,31	0,18
4,33	0,19
4,34	0,19
4,36	0,19
4,37	0,19
4,38	0,19
4,39	0,19
4,41	0,19
4,42	0,19
4,43	0,20
4,45	0,20
4,46	0,20
4,48	0,20
4,49	0,20
4,51	0,20
4,53	0,20
4,54	0,20
4,56	0,20
4,58	0,20
4,59	0,20
4,61	0,20
4,63	0,20
4,64	0,20
4,66	0,20
4,67	0,20
4,68	0,20
4,70	0,20
4,71	0,20
4,73	0,21
4,75	0,21
4,76	0,21
4,77	0,21
4,79	0,21
4,81	0,21
4,82	0,21
4,83	0,21
4,85	0,21
4,86	0,21
4,87	0,21
4,89	0,21
4,90	0,21
4,91	0,21
4,92	0,21
4,94	0,21
4,95	0,21
4,97	0,21
4,98	0,21
4,99	0,20
5,01	0,20
5,03	0,20
5,04	0,20
5,06	0,20
5,07	0,20
5,09	0,20
5,10	0,20
5,11	0,20
5,13	0,20
5,14	0,20
5,16	0,20
5,17	0,20
5,19	0,20
5,20	0,20
5,22	0,20
5,23	0,20
5,25	0,20
5,26	0,20
5,27	0,20
5,29	0,20
5,30	0,20
5,32	0,20
5,33	0,20
5,35	0,20
5,36	0,20
5,37	0,20
5,38	0,20
5,40	0,20
5,41	0,20
5,43	0,20
5,44	0,20
5,45	0,20
5,47	0,20
5,48	0,20
5,50	0,20
5,51	0,20
5,52	0,20
5,54	0,20
5,55	0,20
5,57	0,20
5,58	0,20
5,59	0,20
5,61	0,20
5,62	0,20
5,63	0,20
5,65	0,20
5,66	0,20
5,67	0,20
5,69	0,20
5,70	0,20
5,72	0,20
5,73	0,20
5,74	0,20
5,76	0,20
5,77	0,20
5,78	0,20
5,80	0,20
5,81	0,20
5,82	0,21
5,84	0,21
5,85	0,21
5,86	0,21
5,88	0,21
5,89	0,21
5,90	0,21
5,92	0,21
5,93	0,21
5,94	0,21
5,95	0,21
5,97	0,22
5,98	0,22
6,00	0,22
6,01	0,22
6,02	0,22
6,03	0,22
6,05	0,23
6,06	0,23
6,08	0,23
6,09	0,23
6,11	0,23
6,12	0,23
6,14	0,24
6,15	0,24
6,16	0,24
6,17	0,24
6,19	0,25
6,20	0,25
6,21	0,25
6,22	0,25
6,24	0,25
6,25	0,26
6,26	0,26
6,27	0,26
6,29	0,26
6,30	0,27
6,31	0,27
6,33	0,27
6,34	0,28
6,35	0,28
6,37	0,28
6,38	0,29
6,39	0,29
6,41	0,29
6,42	0,30
6,43	0,30
6,44	0,30
6,46	0,30
6,47	0,31
6,48	0,31
6,49	0,31
6,51	0,32
6,52	0,32
6,53	0,32
6,54	0,33
6,56	0,33
6,57	0,33
6,58	0,33
6,60	0,34
6,61	0,34
6,62	0,35
6,63	0,35
6,65	0,35
6,66	0,36
6,67	0,36
6,68	0,36
6,70	0,37
6,71	0,37
6,72	0,37
6,73	0,37
6,74	0,38
6,75	0,38
6,77	0,38
6,78	0,39
6,79	0,39
6,80	0,39
6,82	0,40
6,83	0,40
6,84	0,40
6,85	0,40
6,87	0,41
6,88	0,41
6,89	0,41
6,90	0,41
6,91	0,41
6,93	0,42
6,94	0,42
6,95	0,42
6,96	0,42
6,98	0,42
6,99	0,43
7,00	0,43
7,01	0,43
7,03	0,43
7,04	0,43
7,05	0,43
7,06	0,44
7,07	0,44
7,08	0,44
7,09	0,44
7,11	0,44
7,12	0,44
7,13	0,45
7,14	0,45
7,15	0,45
7,16	0,45
7,18	0,45
7,19	0,45
7,20	0,45
7,22	0,45
7,23	0,45
7,24	0,45
7,25	0,45
7,27	0,45
7,28	0,45
7,29	0,45
7,30	0,46
7,31	0,46
7,32	0,46
7,34	0,46
7,35	0,46
7,36	0,46
7,37	0,46
7,38	0,46
7,39	0,46
7,41	0,46
7,42	0,46
7,43	0,46
7,44	0,46
7,45	0,46
7,46	0,46
7,48	0,46
7,49	0,45
7,50	0,45
7,51	0,45
7,52	0,45
7,53	0,45
7,55	0,45
7,56	0,45
7,57	0,45
7,58	0,45
7,59	0,45
7,60	0,45
7,61	0,45
7,62	0,45
7,64	0,45
7,65	0,45
7,66	0,45
7,67	0,45
7,68	0,45
7,69	0,44
7,70	0,44
7,72	0,44
7,73	0,44
7,74	0,44
7,75	0,44
7,76	0,44
7,77	0,44
7,78	0,44
7,79	0,44
7,80	0,44
7,82	0,44
7,83	0,44
7,84	0,43
7,85	0,43
7,86	0,43
7,87	0,43
7,88	0,43
7,89	0,43
7,91	0,43
7,92	0,43
7,93	0,43
7,94	0,43
7,95	0,43
7,96	0,43
7,97	0,43
7,98	0,42
7,99	0,42
8,00	0,42
8,01	0,42
8,03	0,42
8,04	0,42
8,05	0,42
8,06	0,42
8,07	0,42
8,08	0,42
8,09	0,42
8,10	0,42
8,11	0,42
8,12	0,42
8,13	0,42
8,15	0,42
8,16	0,42
8,17	0,42
8,18	0,42
8,19	0,42
8,20	0,42
8,21	0,42
8,22	0,42
8,23	0,42
8,24	0,42
8,25	0,42
8,26	0,42
8,27	0,42
8,28	0,42
8,29	0,42
8,30	0,42
8,31	0,42
8,33	0,42
8,34	0,42
8,35	0,42
8,36	0,42
8,37	0,42
8,38	0,42
8,39	0,42
8,40	0,42
8,41	0,42
8,42	0,42
8,43	0,42
8,44	0,43
8,45	0,43
8,47	0,43
8,48	0,43
8,49	0,43
8,50	0,43
8,51	0,43
8,52	0,43
8,53	0,43
8,54	0,43
8,55	0,44
8,56	0,44
8,57	0,44
8,58	0,44
8,59	0,44
8,60	0,44
8,61	0,45
8,62	0,45
8,63	0,45
8,64	0,45
8,65	0,45
8,66	0,45
8,67	0,46
8,68	0,46
8,69	0,46
8,70	0,46
8,71	0,47
8,72	0,47
8,73	0,47
8,74	0,47
8,75	0,48
8,76	0,48
8,77	0,48
8,78	0,48
8,79	0,49
8,80	0,49
8,81	0,49
8,82	0,50
8,83	0,50
8,84	0,50
8,85	0,51
8,86	0,51
8,87	0,51
8,88	0,52
8,89	0,52
8,90	0,52
8,91	0,53
8,92	0,53
8,93	0,53
8,94	0,54
8,95	0,54
8,96	0,54
8,97	0,55
8,98	0,55
8,99	0,56
9,00	0,56
9,01	0,56
9,02	0,57
9,03	0,57
9,04	0,58
9,05	0,58
9,06	0,59
9,07	0,59
9,08	0,59
9,09	0,60
9,10	0,60
9,11	0,61
9,12	0,61
9,13	0,62
9,14	0,62
9,15	0,63
9,16	0,63
9,17	0,64
9,18	0,64
9,19	0,65
9,20	0,65
9,21	0,66
9,21	0,66
9,22	0,67
9,23	0,67
9,24	0,67
9,25	0,68
9,26	0,68
9,27	0,69
9,28	0,69
9,29	0,70
9,30	0,70
9,31	0,71
9,32	0,71
9,33	0,72
9,34	0,72
9,35	0,72
9,36	0,73
9,37	0,73
9,38	0,74
9,39	0,74
9,40	0,75
9,40	0,75
9,42	0,75
9,43	0,76
9,44	0,76
9,45	0,77
9,46	0,77
9,47	0,78
9,47	0,78
9,48	0,78
9,49	0,79
9,50	0,79
9,51	0,80
9,52	0,80
9,53	0,80
9,54	0,81
9,54	0,81
9,55	0,81
9,56	0,82
9,57	0,82
9,58	0,82
9,59	0,83
9,60	0,83
9,61	0,83
9,62	0,84
9,63	0,84
9,63	0,84
9,65	0,85
9,65	0,85
9,66	0,85
9,67	0,85
9,68	0,86
9,69	0,86
9,70	0,86
9,70	0,86
9,71	0,87
9,72	0,87
9,73	0,87
9,74	0,87
9,75	0,88
9,76	0,88
9,77	0,88
9,78	0,88
9,79	0,88
9,80	0,89
9,81	0,89
9,82	0,89
9,83	0,89
9,84	0,89
9,84	0,89
9,85	0,89
9,86	0,89
9,87	0,90
9,88	0,90
9,89	0,90
9,89	0,90
9,90	0,90
9,91	0,90
9,92	0,90
9,93	0,90
9,94	0,91
9,94	0,91
9,95	0,91
9,96	0,91
9,97	0,91
9,98	0,91
9,99	0,91
10,00	0,91
10,01	0,91
10,02	0,91
10,03	0,91
10,04	0,91
10,05	0,91
10,05	0,91
10,06	0,91
10,07	0,91
10,08	0,91
10,09	0,91
10,10	0,91
10,10	0,91
10,11	0,91
10,12	0,91
10,13	0,91
10,15	0,91
10,15	0,91
10,16	0,90
10,17	0,90
10,17	0,90
10,18	0,90
10,19	0,90
10,20	0,90
10,21	0,90
10,21	0,90
10,22	0,90
10,23	0,90
10,24	0,90
10,25	0,90
10,26	0,90
10,27	0,90
10,27	0,90
10,28	0,89
10,29	0,89
10,30	0,89
10,31	0,89
10,32	0,89
10,33	0,89
10,34	0,89
10,35	0,89
10,35	0,89
10,36	0,89
10,37	0,89
10,38	0,88
10,38	0,88
10,40	0,88
10,40	0,88
10,41	0,88
10,43	0,88
10,43	0,88
10,44	0,88
10,45	0,88
10,46	0,87
10,47	0,87
10,48	0,87
10,48	0,87
10,49	0,87
10,50	0,87
10,50	0,87
10,51	0,87
10,52	0,87
10,53	0,87
10,53	0,86
10,54	0,86
10,55	0,86
10,56	0,86
10,57	0,86
10,58	0,86
10,58	0,86
10,59	0,86
10,60	0,86
10,61	0,86
10,62	0,85
10,62	0,85
10,63	0,85
10,64	0,85
10,65	0,85
10,66	0,85
10,66	0,85
10,67	0,85
10,68	0,85
10,68	0,85
10,69	0,85
10,70	0,85
10,71	0,84
10,72	0,84
10,73	0,84
10,74	0,84
10,74	0,84
10,75	0,84
10,76	0,84
10,77	0,84
10,78	0,84
10,78	0,84
10,79	0,84
10,80	0,84
10,80	0,84
10,81	0,84
10,82	0,84
10,82	0,84
10,83	0,84
10,84	0,84
10,85	0,84
10,85	0,84
10,86	0,84
10,87	0,84
10,88	0,84
10,89	0,84
10,89	0,84
10,90	0,84
10,91	0,84
10,92	0,84
10,93	0,84
10,94	0,84
10,94	0,84
10,95	0,84
10,96	0,84
10,97	0,84
10,98	0,84
10,99	0,84
10,99	0,84
11,00	0,84
11,01	0,84
11,02	0,84
11,02	0,84
11,03	0,84
11,04	0,84
11,05	0,85
11,05	0,85
11,06	0,85
11,07	0,85
11,07	0,85
11,08	0,85
11,09	0,85
11,09	0,85
11,10	0,85
11,11	0,85
11,12	0,86
11,13	0,86
11,13	0,86
11,14	0,86
11,15	0,86
11,15	0,86
11,16	0,86
11,17	0,87
11,18	0,87
11,19	0,87
11,19	0,87
11,20	0,87
11,20	0,88
11,21	0,88
11,22	0,88
11,23	0,88
11,24	0,88
11,25	0,89
11,25	0,89
11,26	0,89
11,27	0,89
11,28	0,89
11,28	0,90
11,29	0,90
11,30	0,90
11,30	0,90
11,31	0,91
11,32	0,91
11,32	0,91
11,33	0,91
11,34	0,92
11,35	0,92
11,36	0,92
11,37	0,93
11,37	0,93
11,38	0,93
11,39	0,93
11,40	0,94
11,40	0,94
11,41	0,94
11,42	0,95
11,43	0,95
11,43	0,95
11,44	0,96
11,45	0,96
11,45	0,96
11,46	0,97
11,47	0,97
11,47	0,98
11,48	0,98
11,48	0,98
11,49	0,99
11,50	0,99
11,50	1,00
11,51	1,00
11,52	1,00
11,52	1,01
11,53	1,01
11,54	1,02
11,55	1,02
11,56	1,03
11,56	1,03
11,57	1,04
11,58	1,04
11,59	1,05
11,60	1,05
11,60	1,05
11,61	1,06
11,62	1,06
11,62	1,07
11,63	1,07
11,63	1,08
11,64	1,08
11,65	1,09
11,65	1,10
11,66	1,10
11,67	1,11
11,68	1,11
11,69	1,12
11,69	1,12
11,69	1,13
11,70	1,13
11,71	1,14
11,71	1,14
11,72	1,15
11,73	1,16
11,73	1,16
11,74	1,17
11,75	1,17
11,76	1,18
11,77	1,18
11,78	1,19
11,78	1,20
11,79	1,20
11,80	1,21
11,80	1,21
11,81	1,22
11,82	1,23
11,82	1,23
11,83	1,24
11,84	1,25
11,84	1,25
11,85	1,26
11,86	1,26
11,86	1,27
11,87	1,28
11,88	1,28
11,88	1,29
11,89	1,30
11,89	1,30
11,90	1,31
11,91	1,31
11,92	1,32
11,93	1,33
11,93	1,33
11,94	1,34
11,95	1,35
11,95	1,35
11,96	1,36
11,97	1,37
11,97	1,37
11,98	1,38
11,98	1,38
11,98	1,39
11,99	1,40
12,00	1,40
12,01	1,41
12,01	1,42
12,02	1,42
12,03	1,43
12,03	1,43
12,04	1,44
12,05	1,45
12,06	1,45
12,07	1,46
12,07	1,46
12,07	1,47
12,08	1,48
12,09	1,48
12,09	1,49
12,10	1,49
12,11	1,50
12,11	1,51
12,12	1,51
12,12	1,52
12,13	1,53
12,14	1,53
12,14	1,54
12,15	1,54
12,15	1,55
12,16	1,55
12,16	1,56
12,17	1,56
12,18	1,57
12,18	1,58
12,19	1,58
12,19	1,59
12,20	1,59
12,21	1,60
12,21	1,60
12,22	1,61
12,23	1,62
12,24	1,62
12,24	1,63
12,25	1,63
12,26	1,64
12,27	1,64
12,27	1,65
12,28	1,65
12,28	1,66
12,29	1,66
12,29	1,67
12,30	1,67
12,31	1,68
12,31	1,68
12,32	1,69
12,32	1,69
12,33	1,69
12,33	1,70
12,34	1,70
12,35	1,71
12,35	1,71
12,36	1,72
12,36	1,72
12,37	1,72
12,38	1,73
12,39	1,73
12,39	1,74
12,40	1,74
12,40	1,74
12,41	1,75
12,41	1,75
12,42	1,76
12,43	1,76
12,43	1,76
12,44	1,77
12,44	1,77
12,45	1,77
12,45	1,78
12,46	1,78
12,47	1,78
12,47	1,79
12,48	1,79
12,48	1,79
12,49	1,79
12,50	1,80
12,50	1,80
12,51	1,80
12,52	1,81
12,52	1,81
12,53	1,81
12,53	1,81
12,54	1,82
12,55	1,82
12,55	1,82
12,56	1,83
12,56	1,83
12,57	1,83
12,57	1,83
12,58	1,83
12,59	1,84
12,59	1,84
12,60	1,84
12,60	1,84
12,61	1,84
12,62	1,85
12,62	1,85
12,63	1,85
12,64	1,85
12,64	1,85
12,65	1,85
12,65	1,86
12,66	1,86
12,67	1,86
12,68	1,86
12,68	1,86
12,69	1,86
12,69	1,87
12,70	1,87
12,70	1,87
12,71	1,87
12,72	1,87
12,72	1,87
12,73	1,87
12,73	1,87
12,74	1,87
12,74	1,88
12,75	1,88
12,75	1,88
12,76	1,88
12,77	1,88
12,77	1,88
12,78	1,88
12,78	1,88
12,79	1,88
12,79	1,88
12,80	1,88
12,80	1,88
12,81	1,88
12,81	1,88
12,82	1,89
12,82	1,89
12,83	1,89
12,83	1,89
12,84	1,89
12,85	1,89
12,85	1,89
12,86	1,89
12,86	1,89
12,87	1,89
12,88	1,89
12,88	1,89
12,89	1,89
12,89	1,89
12,90	1,89
12,90	1,89
12,91	1,89
12,91	1,89
12,92	1,89
12,93	1,89
12,93	1,89
12,94	1,89
12,94	1,89
12,95	1,89
12,96	1,89
12,96	1,89
12,97	1,89
12,98	1,89
12,98	1,89
12,98	1,89
12,99	1,89
13,00	1,89
13,00	1,89
13,01	1,89
13,01	1,89
13,02	1,89
13,02	1,89
13,03	1,89
13,04	1,89
13,04	1,89
13,05	1,89
13,05	1,89
13,06	1,89
13,06	1,89
13,07	1,88
13,07	1,88
13,08	1,88
13,08	1,88
13,09	1,88
13,10	1,88
13,10	1,88
13,11	1,88
13,11	1,88
13,12	1,88
13,12	1,88
13,13	1,88
13,13	1,88
13,14	1,88
13,14	1,88
13,15	1,88
13,16	1,88
13,16	1,88
13,17	1,88
13,17	1,88
13,17	1,88
13,18	1,88
13,19	1,88
13,19	1,88
13,20	1,88
13,20	1,88
13,21	1,88
13,21	1,88
13,22	1,87
13,22	1,87
13,23	1,87
13,24	1,87
13,24	1,87
13,25	1,87
13,25	1,87
13,26	1,87
13,26	1,87
13,27	1,87
13,27	1,87
13,28	1,87
13,28	1,87
13,29	1,87
13,29	1,87
13,30	1,87
13,30	1,87
13,31	1,87
13,31	1,87
13,32	1,87
13,32	1,87
13,33	1,87
13,33	1,87
13,34	1,87
13,35	1,87
13,35	1,87
13,35	1,87
13,36	1,87
13,36	1,87
13,37	1,87
13,37	1,87
13,38	1,87
13,38	1,87
13,39	1,87
13,39	1,87
13,40	1,87
13,40	1,87
13,41	1,87
13,42	1,87
13,42	1,87
13,43	1,87
13,43	1,87
13,44	1,87
13,44	1,88
13,44	1,88
13,45	1,88
13,45	1,88
13,46	1,88
13,46	1,88
13,47	1,88
13,47	1,88
13,48	1,88
13,48	1,88
13,49	1,88
13,49	1,88
13,50	1,88
13,50	1,88
13,51	1,88
13,51	1,88
13,52	1,88
13,52	1,88
13,53	1,88
13,53	1,89
13,54	1,89
13,54	1,89
13,55	1,89
13,55	1,89
13,56	1,89
13,56	1,89
13,57	1,89
13,57	1,89
13,58	1,89
13,58	1,90
13,59	1,90
13,59	1,90
13,60	1,90
13,60	1,90
13,61	1,90
13,61	1,90
13,62	1,90
13,62	1,91
13,63	1,91
13,63	1,91
13,64	1,91
13,64	1,91
13,64	1,91
13,65	1,91
13,65	1,92
13,66	1,92
13,66	1,92
13,67	1,92
13,67	1,92
13,68	1,92
13,68	1,93
13,69	1,93
13,69	1,93
13,70	1,93
13,70	1,93
13,71	1,94
13,71	1,94
13,72	1,94
13,72	1,94
13,73	1,94
13,73	1,95
13,74	1,95
13,74	1,95
13,74	1,95
13,75	1,96
13,75	1,96
13,75	1,96
13,76	1,96
13,76	1,96
13,77	1,97
13,78	1,97
13,78	1,97
13,79	1,97
13,79	1,98
13,80	1,98
13,80	1,98
13,81	1,98
13,81	1,99
13,81	1,99
13,82	1,99
13,82	2,00
13,83	2,00
13,83	2,00
13,84	2,00
13,84	2,01
13,85	2,01
13,85	2,01
13,85	2,02
13,86	2,02
13,87	2,02
13,87	2,02
13,88	2,03
13,88	2,03
13,89	2,03
13,89	2,04
13,89	2,04
13,90	2,04
13,90	2,05
13,91	2,05
13,91	2,06
13,92	2,06
13,92	2,06
13,93	2,07
13,93	2,07
13,94	2,07
13,94	2,08
13,95	2,08
13,95	2,09
13,95	2,09
13,96	2,09
13,96	2,10
13,97	2,10
13,97	2,11
13,97	2,11
13,98	2,11
13,98	2,12
13,99	2,12
13,99	2,13
13,99	2,13
14,00	2,14
14,00	2,14
14,01	2,14
14,02	2,15
14,02	2,15
14,02	2,16
14,03	2,16
14,03	2,17
14,04	2,17
14,04	2,18
14,05	2,18
14,05	2,19
14,06	2,19
14,06	2,20
14,06	2,20
14,07	2,21
14,07	2,21
14,07	2,22
14,08	2,22
14,08	2,23
14,09	2,23
14,09	2,24
14,10	2,24
14,10	2,25
14,11	2,25
14,11	2,26
14,12	2,26
14,12	2,27
14,13	2,27
14,13	2,28
14,13	2,28
14,14	2,29
14,14	2,30
14,15	2,30
14,15	2,31
14,16	2,31
14,16	2,32
14,16	2,32
14,17	2,33
14,17	2,33
14,17	2,34
14,18	2,35
14,18	2,35
14,19	2,36
14,19	2,37
14,19	2,37
14,20	2,38
14,20	2,39
14,20	2,39
14,21	2,40
14,21	2,41
14,22	2,41
14,22	2,42
14,23	2,42
14,23	2,43
14,24	2,44
14,24	2,44
14,25	2,45
14,25	2,46
14,25	2,47
14,26	2,47
14,26	2,48
14,27	2,49
14,27	2,49
14,27	2,50
14,28	2,51
14,28	2,51
14,28	2,52
14,29	2,53
14,29	2,54
14,30	2,54
14,30	2,55
14,31	2,56
14,31	2,56
14,32	2,57
14,32	2,58
14,32	2,59
14,33	2,59
14,33	2,60
14,34	2,61
14,34	2,62
14,34	2,63
14,35	2,63
14,35	2,64
14,36	2,65
14,36	2,66
14,37	2,67
14,37	2,67
14,38	2,68
14,38	2,69
14,38	2,70
14,39	2,71
14,39	2,71
14,40	2,72
14,40	2,73
14,40	2,74
14,41	2,75
14,41	2,76
14,41	2,77
14,42	2,77
14,42	2,78
14,43	2,79
14,43	2,80
14,43	2,81
14,44	2,82
14,44	2,83
14,44	2,83
14,45	2,84
14,45	2,85
14,46	2,86
14,46	2,87
14,46	2,88
14,47	2,89
14,47	2,90
14,47	2,90
14,48	2,91
14,48	2,92
14,48	2,93
14,49	2,94
14,49	2,95
14,50	2,96
14,50	2,97
14,51	2,98
14,51	2,99
14,52	3,00
14,52	3,01
14,52	3,01
14,53	3,02
14,53	3,03
14,53	3,04
14,54	3,05
14,54	3,06
14,55	3,07
14,55	3,08
14,55	3,09
14,56	3,10
14,56	3,11
14,56	3,12
14,57	3,13
14,57	3,14
14,57	3,15
14,58	3,16
14,58	3,17
14,58	3,18
14,59	3,19
14,59	3,20
14,60	3,21
14,60	3,22
14,61	3,23
14,61	3,24
14,61	3,25
14,62	3,26
14,62	3,27
14,62	3,28
14,63	3,29
14,63	3,30
14,64	3,31
14,64	3,32
14,64	3,33
14,65	3,34
14,65	3,35
14,65	3,36
14,66	3,37
14,66	3,38
14,67	3,39
14,67	3,40
14,67	3,41
14,68	3,42
14,68	3,43
14,69	3,44
14,69	3,45
14,69	3,46
14,70	3,47
14,70	3,48
14,70	3,49
14,71	3,50
14,71	3,51
14,71	3,52
14,72	3,53
14,72	3,54
14,72	3,55
14,73	3,56
14,73	3,57
14,74	3,58
14,74	3,60
14,74	3,61
14,75	3,62
14,75	3,63
14,76	3,64
14,76	3,65
14,77	3,66
14,77	3,67
14,77	3,68
14,77	3,69
14,78	3,70
14,78	3,71
14,79	3,72
14,79	3,73
14,79	3,74
14,79	3,75
14,80	3,76
14,80	3,77
14,81	3,78
14,81	3,79
14,81	3,80
14,82	3,81
14,82	3,82
14,82	3,83
14,83	3,84
14,83	3,85
14,83	3,86
14,84	3,87
14,84	3,88
14,84	3,89
14,85	3,91
14,85	3,92
14,85	3,93
14,86	3,94
14,86	3,95
14,87	3,96
14,87	3,97
14,87	3,98
14,88	3,99
14,88	4,00
14,88	4,01
14,89	4,02
14,89	4,03
14,90	4,04
14,90	4,05
14,90	4,06
14,91	4,07
14,91	4,08
14,91	4,09
14,92	4,10
14,92	4,11
14,92	4,12
14,93	4,13
14,93	4,14
14,93	4,15
14,93	4,16
14,94	4,17
14,94	4,18
14,94	4,19
14,95	4,20
14,95	4,21
14,95	4,22
14,96	4,23
14,96	4,24
14,96	4,25
14,97	4,26
14,97	4,27
14,98	4,28
14,98	4,29
14,98	4,30
14,99	4,31
14,99	4,32
15,00	4,33
15,00	4,34
15,00	4,35
15,01	4,36
15,01	4,37
15,01	4,38
15,02	4,39
15,02	4,40
15,02	4,41
15,03	4,42
15,03	4,43
15,03	4,44
15,04	4,45
15,04	4,46
15,04	4,47
15,05	4,48
15,05	4,49
15,05	4,49
15,05	4,50
15,06	4,51
15,06	4,52
15,06	4,53
15,06	4,54
15,07	4,55
15,07	4,56
15,07	4,57
15,08	4,58
15,08	4,59
15,08	4,60
15,08	4,61
15,09	4,62
15,09	4,63
15,10	4,63
15,10	4,64
15,10	4,65
15,11	4,66
15,11	4,67
15,12	4,68
15,12	4,69
15,13	4,70
15,13	4,71
15,13	4,72
15,14	4,72
15,14	4,73
15,14	4,74
15,15	4,75
15,15	4,76
15,15	4,77
15,15	4,78
15,16	4,79
15,16	4,79
15,16	4,80
15,17	4,82
15,17	4,83
15,17	4,84
15,18	4,84
15,18	4,85
15,18	4,86
15,18	4,87
15,19	4,88
15,19	4,89
15,19	4,89
15,20	4,90
15,20	4,91
15,21	4,92
15,21	4,93
15,21	4,94
15,22	4,94
15,22	4,95
15,22	4,96
15,23	4,97
15,23	4,97
15,23	4,98
15,24	4,99
15,24	5,00
15,24	5,01
15,24	5,01
15,25	5,02
15,25	5,03
15,26	5,04
15,26	5,04
15,26	5,05
15,26	5,06
15,27	5,07
15,27	5,07
15,27	5,08
15,28	5,09
15,28	5,10
15,28	5,10
15,28	5,11
15,29	5,12
15,29	5,13
15,29	5,13
15,30	5,14
15,30	5,15
15,30	5,15
15,31	5,16
15,31	5,17
15,31	5,17
15,31	5,18
15,32	5,19
15,32	5,20
15,32	5,20
15,33	5,21
15,33	5,22
15,33	5,22
15,33	5,23
15,34	5,24
15,34	5,25
15,35	5,25
15,35	5,26
15,35	5,27
15,36	5,27
15,36	5,28
15,36	5,29
15,36	5,29
15,37	5,30
15,37	5,31
15,37	5,31
15,37	5,32
15,38	5,33
15,38	5,33
15,38	5,34
15,39	5,35
15,39	5,35
15,39	5,36
15,39	5,37
15,40	5,37
15,40	5,38
15,40	5,38
15,41	5,39
15,41	5,40
15,41	5,40
15,42	5,41
15,42	5,41
15,42	5,42
15,42	5,43
15,43	5,43
15,43	5,44
15,43	5,45
15,44	5,45
15,44	5,46
15,44	5,46
15,44	5,47
15,45	5,48
15,45	5,48
15,45	5,49
15,46	5,49
15,46	5,50
15,46	5,50
15,47	5,51
15,47	5,52
15,47	5,52
15,47	5,53
15,48	5,53
15,48	5,54
15,48	5,55
15,48	5,55
15,49	5,56
15,49	5,56
15,49	5,57
15,50	5,58
15,50	5,58
15,50	5,59
15,51	5,59
15,51	5,60
15,51	5,60
15,51	5,61
15,52	5,61
15,52	5,62
15,52	5,63
15,52	5,63
15,53	5,64
15,53	5,64
15,53	5,65
15,54	5,65
15,54	5,66
15,54	5,66
15,54	5,67
15,55	5,68
15,55	5,68
15,55	5,69
15,55	5,69
15,56	5,70
15,56	5,71
15,56	5,71
15,57	5,72
15,57	5,72
15,57	5,73
15,57	5,73
15,58	5,74
15,58	5,74
15,59	5,75
15,59	5,75
15,59	5,76
15,60	5,76
15,60	5,77
15,60	5,77
15,60	5,78
15,61	5,79
15,61	5,79
15,61	5,80
15,61	5,80
15,61	5,81
15,62	5,81
15,62	5,82
15,62	5,82
15,63	5,83
15,63	5,83
15,63	5,84
15,63	5,84
15,64	5,85
15,64	5,85
15,64	5,86
15,64	5,86
15,65	5,87
15,65	5,87
15,65	5,88
15,65	5,88
15,66	5,89
15,66	5,89
15,66	5,90
15,66	5,90
15,67	5,91
15,67	5,91
15,67	5,92
15,68	5,92
15,68	5,93
15,68	5,93
15,69	5,94
15,69	5,94
15,69	5,95
15,70	5,95
15,70	5,96
15,70	5,96
15,71	5,97
15,71	5,97
15,71	5,97
15,71	5,98
15,72	5,98
15,72	5,99
15,72	5,99
15,73	6,00
15,73	6,00
15,73	6,01
15,73	6,02
15,74	6,02
15,74	6,03
15,74	6,04
15,75	6,05
15,75	6,04
15,75	6,05
15,75	6,06
15,76	6,06
