Tensão U2	Tensão U1
U2/V	U1/V

-0,03	0,29
-0,03	0,29
-0,03	0,29
-0,02	0,29
-0,02	0,29
-0,02	0,29
-0,02	0,29
-0,02	0,29
-0,01	0,29
-0,01	0,29
-0,01	0,29
0,00	0,29
0,01	0,29
0,02	0,29
0,03	0,29
0,04	0,29
0,05	0,29
0,06	0,29
0,07	0,29
0,09	0,29
0,10	0,29
0,11	0,29
0,12	0,29
0,13	0,29
0,14	0,29
0,15	0,29
0,17	0,29
0,18	0,29
0,19	0,29
0,20	0,29
0,21	0,29
0,22	0,29
0,23	0,29
0,24	0,29
0,25	0,29
0,26	0,29
0,27	0,30
0,28	0,30
0,29	0,30
0,30	0,30
0,31	0,30
0,32	0,30
0,33	0,30
0,34	0,30
0,35	0,30
0,36	0,30
0,38	0,30
0,38	0,30
0,39	0,30
0,40	0,30
0,41	0,30
0,42	0,30
0,43	0,30
0,44	0,30
0,45	0,30
0,46	0,31
0,47	0,31
0,48	0,31
0,49	0,31
0,50	0,31
0,51	0,31
0,52	0,31
0,53	0,31
0,54	0,31
0,56	0,31
0,57	0,32
0,57	0,32
0,58	0,32
0,60	0,32
0,60	0,32
0,62	0,32
0,63	0,32
0,64	0,32
0,64	0,32
0,65	0,33
0,66	0,33
0,67	0,33
0,68	0,33
0,69	0,33
0,70	0,33
0,71	0,33
0,72	0,34
0,73	0,34
0,74	0,34
0,75	0,34
0,76	0,34
0,77	0,34
0,78	0,35
0,79	0,35
0,80	0,35
0,81	0,35
0,82	0,35
0,83	0,36
0,84	0,36
0,85	0,36
0,86	0,36
0,87	0,37
0,88	0,37
0,89	0,37
0,90	0,37
0,91	0,37
0,92	0,38
0,93	0,38
0,94	0,38
0,95	0,39
0,96	0,39
0,97	0,39
0,98	0,39
0,99	0,40
1,00	0,40
1,00	0,40
1,01	0,40
1,02	0,41
1,03	0,41
1,04	0,41
1,05	0,42
1,06	0,42
1,07	0,42
1,08	0,42
1,08	0,43
1,10	0,43
1,10	0,44
1,11	0,44
1,12	0,44
1,13	0,45
1,14	0,45
1,15	0,45
1,16	0,46
1,17	0,46
1,18	0,46
1,19	0,47
1,20	0,47
1,21	0,48
1,22	0,48
1,23	0,48
1,24	0,49
1,25	0,49
1,26	0,50
1,27	0,50
1,28	0,51
1,29	0,51
1,30	0,51
1,31	0,52
1,32	0,52
1,33	0,53
1,34	0,53
1,34	0,54
1,35	0,54
1,36	0,55
1,37	0,55
1,38	0,56
1,38	0,56
1,39	0,57
1,40	0,57
1,41	0,58
1,42	0,58
1,43	0,59
1,44	0,59
1,45	0,60
1,46	0,60
1,47	0,61
1,48	0,61
1,49	0,62
1,49	0,62
1,50	0,63
1,51	0,63
1,52	0,64
1,53	0,64
1,54	0,65
1,55	0,65
1,56	0,66
1,56	0,66
1,57	0,67
1,58	0,67
1,59	0,68
1,60	0,68
1,61	0,69
1,62	0,69
1,63	0,70
1,63	0,70
1,65	0,71
1,65	0,71
1,66	0,72
1,67	0,72
1,68	0,73
1,69	0,73
1,70	0,74
1,71	0,74
1,72	0,75
1,73	0,75
1,73	0,76
1,74	0,76
1,75	0,77
1,76	0,77
1,77	0,77
1,77	0,78
1,78	0,78
1,79	0,79
1,80	0,79
1,81	0,80
1,82	0,80
1,83	0,80
1,83	0,81
1,85	0,81
1,85	0,82
1,86	0,82
1,87	0,82
1,88	0,83
1,89	0,83
1,90	0,84
1,91	0,84
1,91	0,84
1,92	0,85
1,93	0,85
1,94	0,85
1,95	0,86
1,96	0,86
1,96	0,86
1,97	0,87
1,98	0,87
1,99	0,87
2,00	0,88
2,01	0,88
2,01	0,88
2,02	0,88
2,03	0,89
2,04	0,89
2,05	0,89
2,06	0,90
2,06	0,90
2,07	0,90
2,08	0,90
2,09	0,91
2,09	0,91
2,10	0,91
2,11	0,91
2,12	0,91
2,13	0,92
2,13	0,92
2,14	0,92
2,15	0,92
2,16	0,93
2,17	0,93
2,18	0,93
2,19	0,93
2,19	0,93
2,20	0,94
2,21	0,94
2,22	0,94
2,23	0,94
2,24	0,94
2,24	0,94
2,25	0,94
2,26	0,95
2,27	0,95
2,28	0,95
2,28	0,95
2,29	0,95
2,30	0,95
2,31	0,95
2,32	0,96
2,33	0,96
2,33	0,96
2,34	0,96
2,35	0,96
2,36	0,96
2,36	0,96
2,37	0,96
2,38	0,96
2,39	0,96
2,39	0,97
2,40	0,97
2,41	0,97
2,42	0,97
2,43	0,97
2,43	0,97
2,44	0,97
2,45	0,97
2,46	0,97
2,47	0,97
2,47	0,97
2,48	0,97
2,49	0,97
2,50	0,97
2,51	0,97
2,51	0,97
2,52	0,97
2,53	0,98
2,54	0,98
2,54	0,98
2,55	0,98
2,56	0,98
2,57	0,98
2,57	0,98
2,58	0,98
2,59	0,98
2,60	0,98
2,61	0,98
2,61	0,98
2,62	0,98
2,63	0,98
2,64	0,98
2,65	0,98
2,65	0,98
2,66	0,98
2,67	0,98
2,67	0,98
2,68	0,98
2,69	0,98
2,70	0,98
2,71	0,99
2,71	0,99
2,72	0,99
2,73	0,99
2,74	0,99
2,75	0,99
2,76	0,99
2,76	0,99
2,77	0,99
2,78	0,99
2,79	0,99
2,79	0,99
2,80	0,99
2,81	0,99
2,81	0,99
2,82	0,99
2,83	0,99
2,84	0,99
2,84	0,99
2,85	1,00
2,86	1,00
2,86	1,00
2,87	1,00
2,88	1,00
2,88	1,00
2,89	1,00
2,90	1,00
2,91	1,00
2,92	1,00
2,92	1,00
2,93	1,00
2,94	1,00
2,95	1,01
2,96	1,01
2,96	1,01
2,97	1,01
2,98	1,01
2,98	1,01
2,99	1,01
3,00	1,01
3,01	1,01
3,01	1,02
3,02	1,02
3,03	1,02
3,03	1,02
3,04	1,02
3,05	1,02
3,06	1,02
3,06	1,03
3,07	1,03
3,08	1,03
3,09	1,03
3,09	1,03
3,10	1,03
3,11	1,04
3,11	1,04
3,12	1,04
3,13	1,04
3,13	1,04
3,14	1,04
3,15	1,05
3,15	1,05
3,16	1,05
3,17	1,05
3,18	1,05
3,18	1,06
3,19	1,06
3,19	1,06
3,20	1,06
3,21	1,07
3,22	1,07
3,22	1,07
3,23	1,07
3,24	1,08
3,24	1,08
3,25	1,08
3,26	1,09
3,26	1,09
3,27	1,09
3,28	1,09
3,29	1,10
3,29	1,10
3,30	1,10
3,31	1,11
3,31	1,11
3,32	1,11
3,33	1,12
3,33	1,12
3,34	1,12
3,35	1,13
3,35	1,13
3,36	1,13
3,37	1,14
3,38	1,14
3,38	1,14
3,39	1,15
3,40	1,15
3,40	1,15
3,41	1,16
3,41	1,16
3,42	1,17
3,43	1,17
3,43	1,17
3,44	1,18
3,45	1,18
3,46	1,19
3,46	1,19
3,47	1,20
3,48	1,20
3,49	1,21
3,49	1,21
3,50	1,22
3,50	1,22
3,51	1,23
3,52	1,23
3,52	1,24
3,53	1,24
3,53	1,25
3,54	1,25
3,55	1,26
3,55	1,26
3,56	1,27
3,57	1,27
3,58	1,28
3,58	1,28
3,59	1,29
3,60	1,29
3,61	1,30
3,62	1,31
3,62	1,31
3,63	1,32
3,63	1,32
3,64	1,33
3,64	1,34
3,65	1,34
3,66	1,35
3,66	1,35
3,67	1,36
3,67	1,37
3,68	1,37
3,69	1,38
3,69	1,39
3,70	1,39
3,71	1,40
3,72	1,41
3,73	1,41
3,73	1,42
3,74	1,43
3,75	1,44
3,76	1,45
3,76	1,46
3,77	1,46
3,77	1,47
3,77	1,48
3,78	1,49
3,78	1,49
3,79	1,50
3,79	1,51
3,80	1,52
3,80	1,53
3,81	1,53
3,81	1,54
3,83	1,55
3,83	1,56
3,84	1,57
3,85	1,58
3,85	1,58
3,86	1,59
3,87	1,60
3,88	1,61
3,89	1,62
3,89	1,63
3,90	1,64
3,90	1,64
3,91	1,65
3,92	1,66
3,93	1,67
3,93	1,68
3,94	1,69
3,94	1,70
3,95	1,71
3,96	1,72
3,97	1,73
3,97	1,74
3,98	1,75
3,98	1,75
3,99	1,76
3,99	1,77
4,00	1,78
4,00	1,79
4,01	1,80
4,01	1,81
4,02	1,82
4,02	1,83
4,03	1,84
4,04	1,85
4,05	1,86
4,05	1,87
4,06	1,88
4,07	1,89
4,07	1,90
4,08	1,91
4,08	1,92
4,09	1,93
4,09	1,94
4,10	1,95
4,11	1,96
4,11	1,97
4,12	1,98
4,12	1,98
4,13	1,99
4,13	2,00
4,14	2,01
4,15	2,02
4,15	2,03
4,16	2,04
4,16	2,05
4,17	2,06
4,17	2,07
4,18	2,08
4,19	2,09
4,20	2,10
4,20	2,11
4,21	2,12
4,21	2,13
4,22	2,13
4,23	2,14
4,23	2,15
4,24	2,16
4,24	2,17
4,25	2,18
4,25	2,19
4,26	2,19
4,26	2,20
4,27	2,21
4,28	2,22
4,29	2,23
4,29	2,24
4,30	2,24
4,30	2,25
4,31	2,26
4,32	2,27
4,32	2,27
4,33	2,28
4,33	2,29
4,34	2,30
4,34	2,30
4,35	2,31
4,35	2,32
4,36	2,32
4,36	2,33
4,37	2,34
4,38	2,35
4,38	2,35
4,38	2,36
4,39	2,36
4,39	2,37
4,40	2,38
4,41	2,38
4,41	2,39
4,42	2,39
4,42	2,40
4,43	2,41
4,43	2,41
4,44	2,42
4,45	2,42
4,45	2,43
4,46	2,43
4,46	2,44
4,47	2,44
4,47	2,45
4,48	2,45
4,49	2,46
4,49	2,46
4,50	2,47
4,50	2,47
4,51	2,47
4,51	2,48
4,51	2,48
4,52	2,49
4,53	2,49
4,53	2,49
4,54	2,50
4,54	2,50
4,55	2,50
4,56	2,51
4,56	2,51
4,56	2,51
4,57	2,52
4,57	2,52
4,58	2,52
4,59	2,52
4,59	2,53
4,60	2,53
4,61	2,53
4,61	2,53
4,62	2,54
4,63	2,54
4,64	2,54
4,64	2,54
4,64	2,55
4,65	2,55
4,65	2,55
4,66	2,55
4,66	2,55
4,67	2,55
4,67	2,55
4,67	2,56
4,68	2,56
4,68	2,56
4,69	2,56
4,70	2,56
4,70	2,56
4,71	2,56
4,72	2,56
4,72	2,56
4,73	2,56
4,73	2,56
4,74	2,56
4,75	2,56
4,75	2,56
4,76	2,56
4,76	2,57
4,77	2,57
4,77	2,57
4,78	2,57
4,78	2,57
4,79	2,57
4,79	2,57
4,80	2,57
4,80	2,57
4,81	2,57
4,81	2,57
4,82	2,57
4,82	2,57
4,83	2,57
4,83	2,56
4,84	2,56
4,84	2,56
4,85	2,56
4,86	2,56
4,86	2,56
4,86	2,56
4,87	2,56
4,88	2,56
4,88	2,56
4,89	2,56
4,89	2,56
4,90	2,55
4,90	2,55
4,91	2,55
4,91	2,55
4,92	2,55
4,92	2,55
4,92	2,55
4,93	2,55
4,93	2,55
4,93	2,54
4,94	2,54
4,94	2,54
4,95	2,54
4,95	2,54
4,96	2,54
4,96	2,54
4,97	2,53
4,97	2,53
4,98	2,53
4,99	2,53
4,99	2,53
5,00	2,53
5,01	2,53
5,01	2,52
5,01	2,52
5,02	2,52
5,02	2,52
5,03	2,52
5,03	2,52
5,04	2,52
5,04	2,52
5,05	2,51
5,05	2,51
5,06	2,51
5,07	2,51
5,08	2,51
5,08	2,50
5,08	2,50
5,09	2,50
5,10	2,50
5,10	2,50
5,11	2,50
5,11	2,49
5,11	2,49
5,11	2,49
5,12	2,49
5,13	2,49
5,13	2,48
5,13	2,48
5,14	2,48
5,14	2,48
5,14	2,48
5,15	2,48
5,16	2,47
5,16	2,47
5,17	2,47
5,17	2,47
5,18	2,47
5,19	2,47
5,19	2,47
5,20	2,46
5,20	2,46
5,21	2,46
5,21	2,46
5,22	2,46
5,22	2,46
5,22	2,46
5,23	2,46
5,23	2,45
5,23	2,45
5,24	2,45
5,24	2,45
5,25	2,45
5,25	2,45
5,26	2,45
5,26	2,45
5,27	2,44
5,27	2,44
5,27	2,44
5,28	2,44
5,28	2,44
5,29	2,44
5,29	2,44
5,30	2,44
5,31	2,43
5,31	2,43
5,32	2,43
5,32	2,43
5,33	2,43
5,33	2,43
5,34	2,43
5,34	2,43
5,35	2,43
5,35	2,43
5,36	2,43
5,36	2,42
5,37	2,42
5,37	2,42
5,38	2,42
5,38	2,42
5,38	2,42
5,39	2,42
5,39	2,42
5,39	2,42
5,40	2,42
5,40	2,42
5,41	2,42
5,41	2,42
5,42	2,42
5,42	2,42
5,43	2,42
5,43	2,42
5,44	2,42
5,44	2,42
5,45	2,42
5,45	2,42
5,46	2,42
5,46	2,42
5,46	2,42
5,47	2,42
5,47	2,42
5,48	2,42
5,49	2,42
5,49	2,42
5,50	2,42
5,50	2,42
5,51	2,42
5,51	2,42
5,52	2,42
5,52	2,42
5,53	2,42
5,53	2,42
5,53	2,42
5,54	2,42
5,54	2,42
5,55	2,42
5,55	2,42
5,56	2,42
5,56	2,42
5,57	2,42
5,57	2,42
5,57	2,42
5,57	2,43
5,58	2,43
5,58	2,43
5,59	2,43
5,59	2,43
5,59	2,43
5,60	2,43
5,60	2,43
5,61	2,43
5,62	2,43
5,63	2,44
5,63	2,44
5,63	2,44
5,63	2,44
5,64	2,44
5,65	2,44
5,65	2,44
5,66	2,45
5,66	2,45
5,67	2,45
5,67	2,45
5,68	2,45
5,68	2,46
5,68	2,46
5,69	2,46
5,69	2,46
5,70	2,46
5,70	2,47
5,70	2,47
5,71	2,47
5,71	2,47
5,71	2,47
5,72	2,48
5,72	2,48
5,73	2,48
5,73	2,48
5,73	2,49
5,74	2,49
5,74	2,49
5,75	2,50
5,75	2,50
5,76	2,50
5,76	2,51
5,77	2,51
5,77	2,51
5,78	2,51
5,78	2,52
5,79	2,52
5,79	2,52
5,80	2,53
5,80	2,53
5,81	2,53
5,81	2,54
5,82	2,53
5,82	2,54
5,82	2,54
5,82	2,55
5,83	2,55
5,83	2,55
5,83	2,56
5,84	2,56
5,84	2,56
5,85	2,57
5,86	2,57
5,86	2,58
5,87	2,58
5,87	2,58
5,88	2,59
5,89	2,59
5,89	2,59
5,89	2,60
5,90	2,60
5,90	2,60
5,91	2,61
5,91	2,62
5,91	2,62
5,92	2,63
5,93	2,64
5,93	2,64
5,94	2,65
5,94	2,65
5,94	2,66
5,95	2,66
5,95	2,67
5,96	2,68
5,97	2,68
5,98	2,68
5,98	2,69
5,99	2,69
5,99	2,70
5,99	2,70
6,00	2,71
6,00	2,71
6,01	2,72
6,01	2,73
6,01	2,74
6,02	2,74
6,02	2,75
6,03	2,76
6,03	2,76
6,03	2,77
6,04	2,78
6,04	2,77
6,05	2,78
6,05	2,79
6,06	2,80
6,07	2,80
6,07	2,81
6,07	2,81
6,08	2,82
6,08	2,82
6,09	2,83
6,10	2,83
6,10	2,84
6,11	2,85
6,11	2,86
6,12	2,87
6,12	2,88
6,12	2,87
6,13	2,89
6,13	2,89
6,13	2,91
6,13	2,90
6,14	2,91
6,15	2,93
6,15	2,93
6,15	2,95
6,15	2,96
6,16	2,97
6,16	2,98
6,17	2,99
6,17	2,99
6,18	3,00
6,18	3,01
6,19	3,01
6,19	3,02
6,20	3,03
6,20	3,04
6,20	3,05
6,21	3,05
6,21	3,07
6,22	3,08
6,22	3,08
6,23	3,09
6,23	3,10
6,24	3,11
6,24	3,11
6,25	3,13
6,25	3,14
6,26	3,15
6,26	3,15
6,26	3,16
6,26	3,17
6,27	3,18
6,27	3,18
6,27	3,19
6,28	3,20
6,28	3,21
6,29	3,21
6,30	3,22
6,30	3,23
6,31	3,25
6,31	3,26
6,32	3,26
6,32	3,27
6,33	3,28
6,33	3,29
6,33	3,31
6,33	3,30
6,33	3,31
6,34	3,32
6,35	3,33
6,35	3,34
6,35	3,35
6,36	3,36
6,37	3,37
6,37	3,38
6,38	3,39
6,39	3,40
6,39	3,42
6,40	3,43
6,40	3,45
6,40	3,47
6,41	3,50
6,41	3,48
6,41	3,51
6,41	3,52
6,41	3,54
6,42	3,53
6,42	3,55
6,42	3,56
6,43	3,57
6,43	3,58
6,43	3,59
6,43	3,60
6,44	3,61
6,45	3,62
6,46	3,63
6,46	3,63
6,46	3,64
6,46	3,65
6,47	3,66
6,47	3,67
6,48	3,68
6,49	3,71
6,49	3,69
6,49	3,70
6,50	3,73
6,50	3,74
6,51	3,75
6,51	3,76
6,51	3,77
6,51	3,78
6,52	3,79
6,52	3,80
6,52	3,81
6,53	3,82
6,54	3,85
6,54	3,86
6,55	3,87
6,55	3,88
6,55	3,90
6,55	3,89
6,56	3,91
6,56	3,92
6,56	3,94
6,57	3,95
6,57	3,96
6,57	3,97
6,58	3,98
6,58	3,99
6,59	4,01
6,59	4,02
6,59	4,03
6,60	4,04
6,60	4,06
6,60	4,05
6,60	4,07
6,61	4,08
6,61	4,09
6,62	4,12
6,62	4,11
6,62	4,13
6,63	4,14
6,63	4,15
6,63	4,16
6,64	4,17
6,64	4,18
6,64	4,19
6,65	4,20
6,65	4,21
6,66	4,22
6,66	4,25
6,66	4,23
6,66	4,26
6,66	4,27
6,67	4,29
6,67	4,30
6,68	4,31
6,68	4,32
6,68	4,33
6,68	4,34
6,69	4,35
6,69	4,36
6,69	4,37
6,70	4,38
6,70	4,39
6,71	4,40
6,71	4,41
6,71	4,42
6,72	4,43
6,72	4,44
6,72	4,45
6,73	4,46
6,73	4,47
6,73	4,48
6,74	4,49
6,74	4,50
6,74	4,51
6,74	4,52
6,75	4,53
6,75	4,54
6,76	4,55
6,76	4,56
6,76	4,57
6,76	4,58
6,77	4,59
6,77	4,60
6,77	4,61
6,77	4,62
6,78	4,63
6,78	4,64
6,78	4,65
6,78	4,66
6,79	4,67
6,79	4,68
6,79	4,69
6,80	4,69
6,80	4,70
6,80	4,71
6,81	4,72
6,81	4,73
6,81	4,74
6,82	4,75
6,82	4,76
6,82	4,76
6,83	4,77
6,83	4,78
6,84	4,79
6,84	4,80
6,84	4,81
6,84	4,83
6,85	4,84
6,85	4,85
6,85	4,86
6,85	4,87
6,86	4,87
6,86	4,88
6,86	4,89
6,87	4,90
6,87	4,91
6,87	4,91
6,88	4,92
6,88	4,93
6,89	4,94
6,89	4,94
6,89	4,95
6,90	4,96
6,90	4,96
6,90	4,97
6,91	4,98
6,91	4,98
6,91	4,99
6,92	5,00
6,92	5,00
6,92	5,01
6,92	5,02
6,93	5,03
6,93	5,03
6,93	5,04
6,93	5,05
6,94	5,05
6,94	5,06
6,94	5,06
6,95	5,07
6,95	5,08
6,95	5,08
6,96	5,09
6,96	5,10
6,96	5,10
6,97	5,11
6,97	5,11
6,97	5,12
6,97	5,12
6,97	5,13
6,98	5,13
6,98	5,14
6,98	5,14
6,99	5,15
6,99	5,15
6,99	5,16
6,99	5,16
7,00	5,17
7,00	5,17
7,00	5,18
7,00	5,18
7,01	5,19
7,01	5,19
7,01	5,20
7,01	5,20
7,02	5,21
7,02	5,21
7,02	5,22
7,03	5,22
7,03	5,22
7,03	5,23
7,03	5,23
7,04	5,24
7,04	5,24
7,05	5,24
7,05	5,25
7,05	5,25
7,05	5,26
7,05	5,26
7,06	5,26
7,06	5,27
7,07	5,27
7,07	5,27
7,07	5,28
7,07	5,28
7,08	5,28
7,08	5,29
7,08	5,29
7,08	5,29
7,09	5,30
7,09	5,30
7,09	5,30
7,09	5,31
7,10	5,31
7,10	5,31
7,10	5,31
7,11	5,32
7,11	5,32
7,11	5,32
7,12	5,32
7,12	5,33
7,12	5,33
7,12	5,33
7,13	5,33
7,13	5,34
7,13	5,34
7,13	5,34
7,13	5,34
7,14	5,34
7,14	5,35
7,14	5,35
7,14	5,35
7,15	5,35
7,15	5,35
7,16	5,36
7,16	5,36
7,16	5,36
7,16	5,36
7,17	5,36
7,17	5,36
7,17	5,37
7,18	5,37
7,18	5,37
7,18	5,37
7,18	5,37
7,19	5,37
7,19	5,37
7,19	5,37
7,19	5,37
7,20	5,38
7,20	5,38
7,20	5,38
7,20	5,38
7,21	5,38
7,21	5,38
7,21	5,38
7,22	5,38
7,22	5,38
7,22	5,38
7,22	5,38
7,22	5,38
7,23	5,38
7,23	5,38
7,23	5,39
7,23	5,39
7,24	5,39
7,24	5,39
7,24	5,39
7,25	5,39
7,25	5,39
7,25	5,39
7,26	5,39
7,26	5,39
7,26	5,39
7,26	5,39
7,26	5,39
7,27	5,39
7,27	5,39
7,27	5,38
7,28	5,38
7,28	5,38
7,28	5,38
7,28	5,38
7,29	5,38
7,29	5,38
7,29	5,38
7,29	5,38
7,29	5,38
7,30	5,38
7,30	5,38
7,30	5,38
7,30	5,38
7,31	5,38
7,31	5,38
7,31	5,38
7,32	5,38
7,32	5,38
7,32	5,37
7,32	5,37
7,33	5,37
7,33	5,37
7,33	5,37
7,33	5,37
7,34	5,37
7,34	5,37
7,34	5,37
7,34	5,37
7,35	5,36
7,35	5,36
7,35	5,36
7,35	5,36
7,36	5,36
7,36	5,36
7,36	5,36
7,36	5,36
7,37	5,36
7,37	5,35
7,37	5,35
7,37	5,35
7,38	5,35
7,38	5,35
7,38	5,35
7,38	5,35
7,39	5,34
7,39	5,34
7,39	5,34
7,39	5,34
7,39	5,34
7,39	5,34
7,40	5,33
7,40	5,33
7,40	5,33
7,41	5,33
7,41	5,33
7,41	5,32
7,41	5,32
7,42	5,32
7,42	5,32
7,42	5,32
7,42	5,32
7,43	5,31
7,43	5,31
7,43	5,31
7,43	5,31
7,43	5,31
7,44	5,30
7,44	5,30
7,44	5,30
7,44	5,30
7,45	5,30
7,45	5,30
7,45	5,29
7,45	5,29
7,46	5,29
7,46	5,29
7,46	5,29
7,47	5,28
7,47	5,28
7,47	5,28
7,47	5,28
7,48	5,27
7,48	5,27
7,48	5,27
7,48	5,27
7,49	5,26
7,49	5,26
7,49	5,26
7,49	5,26
7,50	5,26
7,50	5,25
7,50	5,25
7,51	5,25
7,51	5,24
7,51	5,24
7,51	5,24
7,52	5,24
7,52	5,23
7,52	5,23
7,52	5,23
7,53	5,23
7,53	5,22
7,53	5,22
7,53	5,22
7,53	5,21
7,54	5,21
7,54	5,21
7,54	5,21
7,55	5,21
7,55	5,21
7,55	5,20
7,56	5,20
7,56	5,20
7,56	5,20
7,56	5,19
7,56	5,19
7,57	5,19
7,57	5,19
7,57	5,19
7,57	5,18
7,58	5,18
7,58	5,18
7,58	5,18
7,58	5,17
7,58	5,17
7,59	5,17
7,59	5,17
7,59	5,17
7,59	5,16
7,59	5,16
7,60	5,16
7,60	5,16
7,61	5,15
7,61	5,15
7,61	5,15
7,61	5,15
7,62	5,14
7,62	5,14
7,62	5,14
7,62	5,14
7,62	5,13
7,62	5,13
7,63	5,13
7,63	5,13
7,63	5,12
7,64	5,12
7,64	5,12
7,64	5,12
7,64	5,11
7,65	5,11
7,65	5,11
7,65	5,11
7,65	5,11
7,66	5,10
7,66	5,10
7,66	5,10
7,66	5,10
7,67	5,10
7,67	5,09
7,67	5,09
7,67	5,09
7,67	5,09
7,67	5,09
7,68	5,08
7,68	5,08
7,68	5,08
7,68	5,08
7,68	5,08
7,69	5,07
7,69	5,07
7,69	5,07
7,69	5,07
7,69	5,06
7,70	5,06
7,70	5,06
7,70	5,06
7,70	5,06
7,70	5,05
7,71	5,05
7,71	5,05
7,71	5,05
7,71	5,05
7,72	5,05
7,72	5,04
7,72	5,04
7,72	5,04
7,72	5,04
7,72	5,04
7,72	5,03
7,73	5,03
7,73	5,03
7,73	5,03
7,73	5,03
7,73	5,02
7,74	5,02
7,74	5,02
7,74	5,02
7,74	5,02
7,75	5,02
7,75	5,01
7,75	5,01
7,75	5,01
7,76	5,01
7,76	5,00
7,76	5,00
7,76	5,00
7,76	5,00
7,77	4,99
7,77	4,99
7,77	4,99
7,78	4,99
7,78	4,99
7,78	4,98
7,78	4,98
7,79	4,98
7,79	4,98
7,79	4,98
7,79	4,97
7,80	4,97
7,80	4,97
7,80	4,97
7,80	4,97
7,80	4,97
7,81	4,97
7,81	4,96
7,81	4,96
7,81	4,96
7,82	4,96
7,82	4,96
7,82	4,96
7,82	4,95
7,82	4,95
7,82	4,95
7,83	4,95
7,83	4,95
7,83	4,95
7,83	4,95
7,83	4,94
7,84	4,94
7,84	4,94
7,84	4,94
7,84	4,94
7,85	4,94
7,85	4,94
7,85	4,93
7,85	4,93
7,85	4,93
7,86	4,93
7,86	4,93
7,86	4,93
7,86	4,93
7,86	4,92
7,86	4,92
7,87	4,92
7,87	4,92
7,87	4,92
7,87	4,92
7,87	4,92
7,88	4,92
7,88	4,91
7,88	4,91
7,88	4,91
7,88	4,91
7,89	4,91
7,89	4,91
7,89	4,91
7,89	4,91
7,90	4,90
7,90	4,90
7,90	4,90
7,90	4,90
7,91	4,90
7,91	4,90
7,91	4,90
7,91	4,90
7,91	4,90
7,92	4,89
7,92	4,89
7,92	4,89
7,92	4,89
7,92	4,89
7,93	4,89
7,93	4,89
7,93	4,89
7,93	4,89
7,93	4,89
7,93	4,89
7,94	4,89
7,94	4,89
7,94	4,88
7,94	4,88
7,95	4,88
7,95	4,88
7,95	4,88
7,95	4,88
7,95	4,88
7,96	4,88
7,96	4,88
7,96	4,88
7,96	4,88
7,97	4,88
7,97	4,87
7,97	4,87
7,97	4,87
7,97	4,87
7,97	4,87
7,97	4,87
7,98	4,87
7,98	4,87
7,98	4,87
7,98	4,87
7,98	4,87
7,99	4,87
7,99	4,87
7,99	4,87
7,99	4,87
7,99	4,87
8,00	4,87
8,00	4,86
8,00	4,86
8,00	4,86
8,01	4,86
8,01	4,86
8,01	4,86
8,01	4,86
8,01	4,86
8,02	4,86
8,02	4,86
8,02	4,86
8,02	4,86
8,03	4,86
8,03	4,86
8,03	4,86
8,03	4,86
8,04	4,86
8,04	4,86
8,04	4,86
8,05	4,86
8,05	4,86
8,05	4,86
8,05	4,86
8,06	4,86
8,06	4,86
8,06	4,86
8,06	4,86
8,06	4,86
8,07	4,86
8,07	4,86
8,07	4,86
8,08	4,86
8,08	4,86
8,08	4,86
8,08	4,86
8,09	4,86
8,09	4,86
8,09	4,86
8,09	4,86
8,09	4,86
8,09	4,87
8,09	4,87
8,10	4,87
8,10	4,87
8,10	4,87
8,11	4,87
8,11	4,87
8,11	4,87
8,11	4,87
8,12	4,87
8,12	4,87
8,12	4,87
8,12	4,87
8,12	4,87
8,12	4,87
8,13	4,87
8,13	4,87
8,13	4,87
8,13	4,87
8,14	4,87
8,15	4,88
8,15	4,88
8,15	4,88
8,15	4,88
8,15	4,88
8,16	4,88
8,16	4,88
8,16	4,88
8,16	4,88
8,16	4,88
8,16	4,88
8,16	4,89
8,17	4,89
8,17	4,89
8,18	4,89
8,18	4,89
8,18	4,89
8,19	4,89
8,19	4,89
8,19	4,89
8,19	4,90
8,20	4,90
8,20	4,90
8,20	4,90
8,20	4,90
8,21	4,90
8,21	4,90
8,21	4,90
8,21	4,90
8,21	4,91
8,22	4,91
8,22	4,91
8,22	4,91
8,22	4,91
8,23	4,91
8,23	4,92
8,23	4,92
8,23	4,92
8,23	4,92
8,24	4,92
8,24	4,92
8,24	4,92
8,24	4,92
8,24	4,92
8,24	4,92
8,25	4,93
8,25	4,93
8,25	4,93
8,25	4,93
8,25	4,93
8,26	4,94
8,26	4,94
8,26	4,94
8,26	4,94
8,27	4,94
8,27	4,94
8,27	4,94
8,28	4,95
8,28	4,95
8,28	4,95
8,28	4,95
8,28	4,95
8,29	4,96
8,29	4,96
8,29	4,96
8,29	4,96
8,29	4,96
8,30	4,96
8,30	4,97
8,30	4,97
8,30	4,97
8,30	4,97
8,31	4,97
8,31	4,97
8,31	4,98
8,31	4,98
8,31	4,98
8,31	4,98
8,32	4,99
8,32	4,99
8,32	4,99
8,32	4,99
8,32	4,99
8,33	4,99
8,33	5,00
8,33	5,00
8,33	5,00
8,34	5,00
8,34	5,00
8,34	5,00
8,34	5,01
8,34	5,01
8,34	5,01
8,35	5,02
8,35	5,02
8,35	5,02
8,35	5,02
8,35	5,02
8,36	5,02
8,36	5,03
8,36	5,03
8,36	5,03
8,36	5,03
8,37	5,04
8,37	5,04
8,37	5,04
8,37	5,05
8,37	5,05
8,38	5,05
8,38	5,05
8,38	5,06
8,38	5,06
8,39	5,06
8,39	5,06
8,39	5,07
8,39	5,07
8,39	5,07
8,39	5,07
8,39	5,08
8,40	5,08
8,40	5,08
8,40	5,09
8,40	5,09
8,40	5,09
8,40	5,09
8,40	5,09
8,41	5,10
8,41	5,10
8,41	5,11
8,41	5,11
8,41	5,11
8,42	5,12
8,42	5,12
8,42	5,12
8,42	5,12
8,43	5,12
8,43	5,13
8,43	5,13
8,43	5,13
8,43	5,13
8,44	5,14
8,44	5,14
8,44	5,15
8,44	5,15
8,44	5,16
8,44	5,16
8,45	5,16
8,45	5,16
8,45	5,16
8,45	5,17
8,45	5,17
8,46	5,17
8,46	5,17
8,46	5,18
8,46	5,18
8,46	5,19
8,47	5,19
8,47	5,20
8,47	5,20
8,47	5,20
8,48	5,21
8,48	5,21
8,48	5,21
8,48	5,21
8,49	5,22
8,49	5,22
8,49	5,24
8,49	5,24
8,49	5,25
8,50	5,25
8,50	5,25
8,50	5,26
8,50	5,26
8,50	5,27
8,51	5,27
8,51	5,27
8,51	5,28
8,51	5,28
8,52	5,28
8,52	5,29
8,52	5,29
8,53	5,29
8,53	5,32
8,53	5,30
8,53	5,30
8,53	5,33
8,53	5,34
8,53	5,36
8,54	5,33
8,54	5,35
8,54	5,34
8,54	5,35
8,55	5,37
8,55	5,37
8,55	5,37
8,55	5,37
8,56	5,38
8,56	5,38
8,57	5,38
8,57	5,39
8,57	5,40
8,57	5,39
8,57	5,41
8,58	5,41
8,58	5,42
8,58	5,42
8,58	5,42
8,58	5,42
8,59	5,43
8,59	5,44
8,59	5,45
8,59	5,46
8,59	5,46
8,60	5,47
8,60	5,47
8,60	5,47
8,60	5,47
8,60	5,48
8,60	5,48
8,61	5,48
8,61	5,49
8,61	5,49
8,61	5,50
8,61	5,50
8,61	5,50
8,62	5,51
8,62	5,51
8,62	5,52
8,62	5,52
8,62	5,52
8,62	5,52
8,63	5,53
8,63	5,54
8,63	5,54
8,63	5,54
8,63	5,54
8,63	5,55
8,64	5,55
8,64	5,56
8,64	5,56
8,64	5,57
8,64	5,58
8,65	5,58
8,65	5,58
8,65	5,59
8,65	5,60
8,65	5,60
8,65	5,61
8,66	5,62
8,66	5,62
8,66	5,62
8,66	5,63
8,66	5,64
8,66	5,64
8,67	5,64
8,67	5,65
8,67	5,65
8,67	5,66
8,67	5,66
8,68	5,66
8,68	5,67
8,68	5,67
8,68	5,68
8,69	5,68
8,69	5,69
8,69	5,70
8,69	5,70
8,69	5,71
8,69	5,71
8,69	5,72
8,70	5,72
8,70	5,73
8,70	5,73
8,70	5,74
8,70	5,74
8,70	5,75
8,71	5,75
8,71	5,76
8,71	5,76
8,71	5,77
8,71	5,77
8,72	5,78
8,72	5,78
8,72	5,78
8,72	5,79
8,72	5,80
8,72	5,80
8,72	5,81
8,73	5,82
8,73	5,82
8,73	5,82
8,73	5,83
8,73	5,84
8,73	5,84
8,73	5,85
8,74	5,85
8,74	5,86
8,74	5,86
8,74	5,86
8,74	5,87
8,74	5,87
8,74	5,87
8,75	5,89
8,75	5,89
8,75	5,90
8,75	5,90
8,75	5,91
8,75	5,91
8,76	5,92
8,76	5,92
8,76	5,92
8,76	5,93
8,76	5,94
8,76	5,94
8,77	5,95
8,77	5,95
8,77	5,95
8,77	5,96
8,77	5,96
8,77	5,97
8,78	5,97
8,78	5,99
8,78	5,99
8,78	6,00
8,78	6,00
8,78	6,01
8,79	6,01
8,79	6,02
8,79	6,02
8,79	6,03
8,79	6,04
8,79	6,04
8,79	6,04
8,80	6,05
8,80	6,05
8,80	6,05
8,80	6,06
8,80	6,06
8,80	6,07
8,81	6,07
8,81	6,08
8,81	6,09
8,81	6,09
8,81	6,10
8,81	6,10
8,81	6,10
8,82	6,11
8,82	6,11
8,82	6,11
8,82	6,12
8,82	6,15
8,82	6,16
8,83	6,16
8,83	6,17
8,83	6,17
8,83	6,18
8,83	6,18
8,83	6,19
8,84	6,20
8,84	6,20
8,84	6,21
8,84	6,21
8,84	6,21
8,84	6,22
8,85	6,22
8,85	6,23
8,85	6,24
8,85	6,24
8,85	6,25
8,85	6,25
8,85	6,26
8,86	6,26
8,86	6,28
8,86	6,28
8,86	6,29
8,86	6,29
8,86	6,30
8,87	6,30
8,87	6,31
8,87	6,31
8,87	6,31
8,87	6,32
8,87	6,33
8,88	6,33
8,88	6,34
8,88	6,34
8,88	6,36
8,88	6,37
8,88	6,37
8,88	6,38
8,89	6,39
8,89	6,39
8,89	6,40
8,89	6,40
8,89	6,40
8,89	6,41
8,90	6,42
8,90	6,44
8,90	6,44
8,90	6,45
8,90	6,45
8,90	6,46
8,91	6,47
8,91	6,47
8,91	6,48
8,91	6,50
8,91	6,52
8,91	6,52
8,91	6,52
8,92	6,53
8,92	6,53
8,92	6,54
8,92	6,54
8,92	6,54
8,92	6,55
8,93	6,55
8,93	6,56
8,93	6,58
8,93	6,58
8,93	6,59
8,93	6,59
8,94	6,60
8,94	6,61
8,94	6,61
8,94	6,62
8,94	6,63
8,94	6,65
8,94	6,67
8,95	6,67
8,95	6,68
8,95	6,69
8,95	6,69
8,95	6,69
8,95	6,70
8,95	6,70
8,96	6,71
8,96	6,73
8,96	6,73
8,96	6,74
8,96	6,75
8,96	6,76
8,97	6,76
8,97	6,77
8,97	6,77
8,97	6,78
8,97	6,79
8,97	6,79
8,98	6,79
8,98	6,80
8,98	6,80
8,98	6,82
8,98	6,83
8,98	6,84
8,99	6,85
8,99	6,87
8,99	6,87
8,99	6,88
8,99	6,88
8,99	6,89
9,00	6,89
9,00	6,90
9,00	6,90
9,00	6,93
9,00	6,94
9,00	6,94
9,00	6,96
9,01	6,96
9,01	6,96
9,01	6,97
9,01	6,97
9,01	6,97
9,02	6,99
9,02	6,99
9,02	7,00
9,02	7,01
9,02	7,01
9,02	7,02
9,03	7,05
9,03	7,05
9,03	7,06
9,03	7,07
9,03	7,07
9,03	7,07
9,03	7,10
9,04	7,10
9,04	7,11
9,04	7,11
9,04	7,11
9,04	7,12
9,05	7,13
9,05	7,13
9,05	7,17
9,05	7,18
9,05	7,18
9,05	7,19
9,05	7,19
9,06	7,20
9,06	7,20
9,06	7,21
9,06	7,22
9,06	7,23
9,06	7,24
9,06	7,25
9,07	7,25
9,07	7,26
9,07	7,26
9,07	7,27
9,07	7,28
9,07	7,28
9,07	7,31
9,08	7,31
9,08	7,33
9,08	7,33
9,08	7,34
9,09	7,36
9,09	7,37
9,09	7,38
9,09	7,38
9,09	7,39
9,09	7,39
9,09	7,40
9,10	7,41
9,10	7,42
9,10	7,44
9,10	7,45
9,10	7,45
9,10	7,46
9,10	7,46
9,11	7,47
9,11	7,47
9,11	7,51
9,11	7,51
9,11	7,52
9,11	7,52
9,12	7,53
9,12	7,53
9,12	7,54
9,12	7,54
9,12	7,56
9,12	7,57
9,12	7,58
9,13	7,59
9,13	7,59
9,13	7,60
9,13	7,61
9,13	7,61
9,13	7,62
9,14	7,62
9,14	7,63
9,14	7,65
9,14	7,66
9,14	7,67
9,14	7,67
9,14	7,68
9,15	7,69
9,15	7,68
9,15	7,70
9,15	7,70
9,15	7,72
9,15	7,73
9,16	7,73
9,16	7,73
9,16	7,72
9,16	7,72
9,16	7,72
9,16	7,71
9,16	7,67
9,17	7,64
9,17	7,63
9,17	7,62
9,17	7,60
9,17	7,59
9,17	7,58
9,18	7,51
9,18	7,50
9,18	7,49
9,18	7,48
9,18	7,47
9,19	7,45
9,19	7,43
9,19	7,40
9,19	7,39
9,19	7,39
9,19	7,38
9,19	7,37
9,20	7,37
9,20	7,36
9,20	7,33
9,20	7,33
9,20	7,31
9,21	7,28
9,21	7,30
9,21	7,31
9,21	7,30
9,21	7,31
9,21	7,30
9,21	7,31
9,22	7,25
9,22	7,25
9,22	7,24
9,22	7,25
9,23	7,24
9,23	7,24
9,23	7,23
9,23	7,23
9,23	7,23
9,23	7,23
9,24	7,22
9,24	7,22
9,24	7,21
9,24	7,21
9,24	7,21
9,24	7,21
9,24	7,21
9,25	7,21
9,25	7,21
9,25	7,21
9,25	7,21
9,26	7,21
9,26	7,21
9,26	7,21
9,26	7,21
9,26	7,21
9,26	7,22
9,27	7,22
9,27	7,23
9,27	7,23
9,27	7,24
9,27	7,24
9,27	7,25
9,28	7,25
9,28	7,25
9,28	7,25
9,28	7,26
9,28	7,27
9,29	7,27
9,29	7,27
9,29	7,27
9,29	7,29
9,29	7,29
9,29	7,30
9,30	7,30
9,30	7,30
9,30	7,31
9,30	7,31
9,30	7,32
9,30	7,32
9,30	7,31
9,31	7,35
9,31	7,34
9,31	7,35
9,31	7,36
9,31	7,36
9,31	7,37
9,32	7,36
9,32	7,37
9,32	7,45
9,32	7,38
9,32	7,38
9,32	7,38
9,33	7,38
9,33	7,39
9,33	7,40
9,33	7,46
9,33	7,51
9,33	7,47
9,33	7,51
9,34	7,47
9,34	7,47
9,34	7,49
9,34	7,48
9,34	7,49
9,34	7,48
9,35	7,55
9,35	7,55
9,35	7,56
9,35	7,56
9,35	7,56
9,35	7,58
9,35	7,59
9,36	7,61
9,36	7,61
9,36	7,62
9,36	7,62
9,36	7,63
9,36	7,65
9,36	7,66
9,37	7,67
9,37	7,67
9,37	7,67
9,37	7,68
9,37	7,68
9,37	7,68
9,38	7,72
9,38	7,72
9,38	7,74
9,38	7,75
9,38	7,76
9,38	7,76
9,39	7,76
9,39	7,77
9,39	7,78
9,39	7,79
9,39	7,81
9,39	7,82
9,40	7,82
9,40	7,82
9,40	7,83
9,40	7,87
9,40	7,87
9,40	7,88
9,41	7,88
9,41	7,88
9,41	7,88
9,41	7,89
9,41	7,89
9,41	7,89
9,42	7,90
9,42	7,93
9,42	7,93
9,42	7,99
9,42	8,00
9,42	8,00
9,42	8,00
9,43	8,00
9,43	8,01
9,43	8,01
9,43	8,02
9,43	8,03
9,43	8,04
9,44	8,04
9,44	8,06
9,44	8,06
9,44	8,09
9,44	8,10
9,44	8,10
9,44	8,10
9,45	8,12
9,45	8,12
9,45	8,13
9,45	8,16
9,45	8,16
9,45	8,16
9,45	8,17
9,46	8,18
9,46	8,19
9,46	8,19
9,46	8,19
9,46	8,21
9,46	8,21
9,47	8,22
9,47	8,23
9,47	8,23
9,47	8,26
9,47	8,26
9,47	8,27
9,48	8,27
9,48	8,27
