Tensão U2	Tensão U1
U2/V	U1/V

-0,06	0,21
-0,06	0,21
-0,06	0,21
-0,06	0,21
-0,06	0,21
-0,06	0,21
-0,06	0,21
-0,05	0,21
-0,05	0,21
-0,05	0,21
-0,05	0,21
-0,05	0,21
-0,05	0,21
-0,04	0,21
-0,04	0,21
-0,04	0,21
-0,04	0,21
-0,03	0,21
-0,02	0,21
-0,01	0,21
0,00	0,21
0,01	0,21
0,02	0,21
0,03	0,21
0,04	0,21
0,05	0,21
0,06	0,21
0,07	0,21
0,08	0,21
0,09	0,21
0,10	0,21
0,12	0,21
0,13	0,21
0,14	0,21
0,15	0,21
0,16	0,21
0,17	0,21
0,19	0,21
0,20	0,21
0,21	0,21
0,22	0,21
0,23	0,22
0,24	0,22
0,25	0,22
0,26	0,22
0,27	0,22
0,28	0,22
0,29	0,22
0,30	0,22
0,31	0,22
0,32	0,22
0,33	0,22
0,34	0,22
0,35	0,22
0,36	0,22
0,37	0,22
0,38	0,22
0,39	0,22
0,40	0,22
0,41	0,22
0,42	0,22
0,43	0,22
0,44	0,22
0,45	0,22
0,46	0,23
0,47	0,23
0,48	0,23
0,49	0,23
0,50	0,23
0,51	0,23
0,52	0,23
0,53	0,23
0,54	0,23
0,56	0,23
0,56	0,23
0,57	0,23
0,58	0,24
0,60	0,24
0,61	0,24
0,62	0,24
0,63	0,24
0,63	0,24
0,65	0,24
0,66	0,24
0,67	0,24
0,68	0,25
0,69	0,25
0,69	0,25
0,70	0,25
0,71	0,25
0,72	0,25
0,74	0,25
0,74	0,25
0,75	0,25
0,76	0,26
0,77	0,26
0,78	0,26
0,79	0,26
0,80	0,26
0,81	0,26
0,82	0,26
0,83	0,27
0,84	0,27
0,85	0,27
0,86	0,27
0,87	0,27
0,88	0,28
0,89	0,28
0,90	0,28
0,91	0,28
0,92	0,28
0,93	0,29
0,94	0,29
0,95	0,29
0,96	0,29
0,97	0,29
0,98	0,30
0,99	0,30
1,00	0,30
1,01	0,30
1,02	0,31
1,02	0,31
1,03	0,31
1,04	0,31
1,05	0,32
1,06	0,32
1,07	0,32
1,08	0,32
1,09	0,33
1,10	0,33
1,11	0,33
1,12	0,33
1,13	0,34
1,14	0,34
1,15	0,34
1,15	0,35
1,16	0,35
1,17	0,35
1,18	0,36
1,19	0,36
1,20	0,36
1,21	0,37
1,22	0,37
1,23	0,37
1,24	0,38
1,25	0,38
1,26	0,38
1,27	0,39
1,27	0,39
1,29	0,40
1,29	0,40
1,30	0,40
1,31	0,41
1,32	0,41
1,33	0,42
1,34	0,42
1,35	0,42
1,36	0,43
1,37	0,43
1,37	0,44
1,38	0,44
1,39	0,44
1,40	0,45
1,41	0,45
1,42	0,46
1,43	0,46
1,44	0,47
1,45	0,47
1,46	0,48
1,47	0,48
1,48	0,49
1,49	0,49
1,50	0,50
1,51	0,50
1,51	0,51
1,52	0,51
1,53	0,52
1,54	0,52
1,55	0,53
1,56	0,53
1,56	0,54
1,57	0,54
1,58	0,55
1,59	0,55
1,60	0,56
1,61	0,56
1,62	0,57
1,63	0,57
1,64	0,58
1,64	0,58
1,65	0,59
1,66	0,59
1,67	0,59
1,68	0,60
1,69	0,60
1,70	0,61
1,70	0,61
1,71	0,62
1,72	0,62
1,73	0,63
1,74	0,63
1,75	0,64
1,76	0,64
1,77	0,64
1,78	0,65
1,79	0,65
1,80	0,66
1,81	0,66
1,81	0,67
1,82	0,67
1,83	0,67
1,84	0,68
1,85	0,68
1,85	0,69
1,86	0,69
1,87	0,70
1,88	0,70
1,89	0,70
1,90	0,71
1,91	0,71
1,91	0,72
1,92	0,72
1,93	0,72
1,94	0,73
1,95	0,73
1,95	0,73
1,96	0,74
1,97	0,74
1,98	0,74
1,99	0,75
2,00	0,75
2,00	0,75
2,01	0,75
2,02	0,76
2,03	0,76
2,04	0,76
2,05	0,77
2,06	0,77
2,06	0,77
2,07	0,78
2,08	0,78
2,09	0,78
2,10	0,78
2,11	0,79
2,12	0,79
2,12	0,79
2,13	0,79
2,14	0,79
2,15	0,80
2,15	0,80
2,16	0,80
2,17	0,80
2,18	0,80
2,19	0,81
2,20	0,81
2,20	0,81
2,21	0,81
2,22	0,81
2,23	0,81
2,24	0,82
2,25	0,82
2,26	0,82
2,26	0,82
2,27	0,82
2,28	0,82
2,28	0,82
2,29	0,83
2,30	0,83
2,31	0,83
2,31	0,83
2,32	0,83
2,33	0,83
2,34	0,83
2,35	0,83
2,35	0,83
2,36	0,84
2,37	0,84
2,38	0,84
2,39	0,84
2,40	0,84
2,41	0,84
2,41	0,84
2,42	0,84
2,43	0,84
2,44	0,84
2,45	0,84
2,45	0,84
2,46	0,84
2,47	0,84
2,48	0,84
2,49	0,84
2,49	0,84
2,50	0,84
2,51	0,84
2,52	0,84
2,53	0,84
2,53	0,84
2,54	0,84
2,55	0,84
2,56	0,84
2,56	0,84
2,57	0,84
2,58	0,84
2,58	0,84
2,59	0,84
2,60	0,84
2,61	0,84
2,61	0,84
2,62	0,84
2,63	0,84
2,64	0,84
2,64	0,84
2,65	0,84
2,66	0,84
2,67	0,84
2,68	0,84
2,68	0,84
2,69	0,84
2,70	0,84
2,71	0,84
2,72	0,84
2,73	0,84
2,73	0,84
2,74	0,84
2,75	0,84
2,76	0,84
2,76	0,84
2,77	0,84
2,78	0,84
2,78	0,84
2,79	0,84
2,80	0,84
2,81	0,84
2,81	0,84
2,82	0,84
2,83	0,84
2,84	0,84
2,85	0,84
2,85	0,84
2,86	0,84
2,87	0,84
2,87	0,84
2,88	0,84
2,89	0,84
2,90	0,84
2,90	0,84
2,91	0,84
2,92	0,84
2,92	0,84
2,93	0,84
2,94	0,84
2,94	0,84
2,95	0,84
2,96	0,84
2,97	0,84
2,97	0,84
2,98	0,84
2,99	0,84
3,00	0,84
3,00	0,84
3,01	0,84
3,02	0,85
3,03	0,85
3,03	0,85
3,04	0,85
3,05	0,85
3,06	0,85
3,06	0,85
3,07	0,85
3,08	0,85
3,09	0,85
3,09	0,85
3,10	0,85
3,11	0,85
3,11	0,85
3,12	0,85
3,13	0,85
3,14	0,86
3,14	0,86
3,15	0,86
3,16	0,86
3,16	0,86
3,17	0,86
3,18	0,86
3,19	0,87
3,19	0,87
3,20	0,87
3,20	0,87
3,21	0,87
3,22	0,87
3,23	0,87
3,23	0,87
3,24	0,88
3,25	0,88
3,25	0,88
3,26	0,88
3,27	0,88
3,28	0,89
3,28	0,89
3,29	0,89
3,29	0,89
3,30	0,89
3,31	0,90
3,31	0,90
3,32	0,90
3,33	0,90
3,33	0,90
3,34	0,91
3,35	0,91
3,36	0,91
3,36	0,92
3,37	0,92
3,38	0,92
3,38	0,92
3,39	0,93
3,40	0,93
3,40	0,93
3,41	0,94
3,42	0,94
3,43	0,94
3,43	0,95
3,44	0,95
3,45	0,95
3,45	0,95
3,46	0,96
3,47	0,96
3,48	0,96
3,48	0,97
3,49	0,97
3,49	0,97
3,50	0,98
3,51	0,98
3,52	0,99
3,53	0,99
3,53	0,99
3,54	1,00
3,54	1,00
3,55	1,01
3,56	1,01
3,56	1,02
3,57	1,02
3,58	1,02
3,58	1,03
3,59	1,03
3,60	1,04
3,60	1,04
3,61	1,05
3,62	1,05
3,63	1,06
3,63	1,06
3,64	1,07
3,64	1,07
3,65	1,08
3,66	1,08
3,66	1,09
3,67	1,09
3,67	1,10
3,68	1,10
3,69	1,11
3,69	1,12
3,70	1,12
3,70	1,13
3,71	1,13
3,72	1,14
3,72	1,15
3,73	1,15
3,74	1,16
3,74	1,16
3,75	1,17
3,76	1,18
3,76	1,18
3,77	1,19
3,78	1,20
3,79	1,20
3,79	1,21
3,80	1,21
3,81	1,22
3,81	1,23
3,82	1,23
3,83	1,24
3,83	1,25
3,84	1,26
3,84	1,26
3,85	1,27
3,85	1,28
3,86	1,29
3,86	1,29
3,87	1,30
3,88	1,31
3,88	1,32
3,89	1,32
3,90	1,33
3,90	1,34
3,91	1,35
3,92	1,35
3,92	1,36
3,93	1,37
3,94	1,38
3,94	1,39
3,95	1,39
3,95	1,40
3,96	1,41
3,96	1,42
3,97	1,43
3,98	1,44
3,98	1,45
3,99	1,45
4,00	1,46
4,00	1,47
4,01	1,48
4,02	1,49
4,02	1,50
4,03	1,51
4,03	1,52
4,04	1,52
4,04	1,53
4,05	1,54
4,06	1,55
4,06	1,56
4,07	1,57
4,07	1,58
4,08	1,59
4,09	1,60
4,09	1,61
4,10	1,62
4,10	1,62
4,11	1,63
4,12	1,64
4,13	1,65
4,13	1,66
4,14	1,67
4,14	1,68
4,15	1,69
4,15	1,70
4,16	1,71
4,17	1,72
4,17	1,73
4,18	1,74
4,18	1,74
4,19	1,75
4,19	1,76
4,20	1,77
4,21	1,78
4,22	1,79
4,23	1,80
4,23	1,81
4,24	1,82
4,25	1,82
4,25	1,83
4,26	1,84
4,26	1,85
4,27	1,86
4,28	1,87
4,28	1,88
4,28	1,88
4,29	1,89
4,29	1,90
4,29	1,91
4,30	1,92
4,30	1,93
4,31	1,93
4,32	1,94
4,32	1,96
4,33	1,97
4,34	1,97
4,34	1,98
4,35	1,99
4,36	2,00
4,36	2,00
4,37	2,01
4,37	2,02
4,38	2,02
4,38	2,03
4,39	2,04
4,39	2,04
4,39	2,05
4,40	2,06
4,41	2,06
4,41	2,07
4,42	2,08
4,42	2,08
4,43	2,09
4,44	2,10
4,44	2,10
4,45	2,11
4,45	2,11
4,46	2,12
4,46	2,12
4,47	2,13
4,47	2,14
4,48	2,14
4,48	2,15
4,49	2,15
4,50	2,16
4,51	2,16
4,52	2,17
4,53	2,17
4,53	2,18
4,54	2,18
4,55	2,18
4,55	2,19
4,56	2,19
4,56	2,20
4,56	2,20
4,57	2,20
4,58	2,21
4,59	2,21
4,59	2,22
4,60	2,22
4,60	2,22
4,61	2,23
4,61	2,23
4,62	2,23
4,62	2,23
4,63	2,24
4,63	2,24
4,64	2,24
4,64	2,25
4,65	2,25
4,66	2,25
4,66	2,25
4,67	2,26
4,67	2,26
4,68	2,26
4,68	2,26
4,69	2,26
4,69	2,27
4,70	2,27
4,70	2,27
4,70	2,27
4,71	2,27
4,71	2,27
4,72	2,27
4,73	2,28
4,73	2,28
4,74	2,28
4,74	2,28
4,75	2,28
4,76	2,28
4,76	2,28
4,77	2,28
4,77	2,28
4,78	2,28
4,78	2,28
4,79	2,28
4,79	2,28
4,80	2,29
4,81	2,29
4,81	2,29
4,82	2,29
4,82	2,29
4,82	2,29
4,83	2,29
4,83	2,29
4,84	2,29
4,84	2,29
4,84	2,28
4,85	2,28
4,85	2,28
4,86	2,28
4,86	2,28
4,87	2,28
4,87	2,28
4,88	2,28
4,88	2,28
4,89	2,28
4,89	2,28
4,90	2,28
4,91	2,28
4,91	2,28
4,92	2,28
4,93	2,27
4,93	2,27
4,94	2,27
4,94	2,27
4,95	2,27
4,95	2,27
4,96	2,27
4,96	2,27
4,97	2,26
4,97	2,26
4,98	2,26
4,98	2,26
4,99	2,26
4,99	2,26
5,00	2,26
5,00	2,25
5,01	2,25
5,01	2,25
5,02	2,25
5,02	2,25
5,03	2,24
5,03	2,24
5,04	2,24
5,04	2,24
5,05	2,24
5,05	2,24
5,06	2,23
5,06	2,23
5,07	2,23
5,07	2,23
5,08	2,23
5,08	2,22
5,09	2,22
5,10	2,22
5,10	2,22
5,10	2,22
5,11	2,21
5,11	2,21
5,12	2,21
5,12	2,21
5,13	2,21
5,13	2,20
5,14	2,20
5,14	2,20
5,14	2,20
5,15	2,20
5,16	2,19
5,16	2,19
5,17	2,19
5,17	2,19
5,18	2,18
5,18	2,18
5,19	2,18
5,20	2,18
5,20	2,18
5,20	2,17
5,21	2,17
5,21	2,17
5,22	2,17
5,22	2,17
5,22	2,16
5,23	2,16
5,23	2,16
5,23	2,16
5,24	2,16
5,25	2,15
5,25	2,15
5,26	2,15
5,26	2,15
5,26	2,14
5,27	2,14
5,27	2,14
5,28	2,14
5,28	2,14
5,29	2,13
5,30	2,13
5,30	2,13
5,30	2,13
5,31	2,13
5,32	2,12
5,32	2,12
5,33	2,12
5,34	2,12
5,34	2,12
5,34	2,11
5,35	2,11
5,35	2,11
5,35	2,11
5,36	2,10
5,36	2,10
5,37	2,10
5,37	2,10
5,38	2,10
5,38	2,10
5,39	2,09
5,40	2,09
5,40	2,09
5,40	2,09
5,41	2,09
5,41	2,09
5,42	2,08
5,43	2,08
5,43	2,08
5,44	2,08
5,44	2,08
5,45	2,08
5,45	2,08
5,45	2,07
5,46	2,07
5,46	2,07
5,46	2,07
5,47	2,07
5,48	2,07
5,48	2,07
5,49	2,07
5,49	2,06
5,50	2,06
5,50	2,06
5,51	2,06
5,51	2,06
5,52	2,06
5,52	2,06
5,52	2,06
5,53	2,06
5,53	2,06
5,53	2,06
5,54	2,05
5,54	2,05
5,55	2,05
5,55	2,05
5,56	2,05
5,56	2,05
5,57	2,05
5,57	2,05
5,57	2,05
5,58	2,05
5,58	2,05
5,59	2,05
5,59	2,05
5,60	2,05
5,60	2,05
5,61	2,05
5,61	2,05
5,62	2,05
5,62	2,05
5,63	2,05
5,63	2,05
5,64	2,05
5,64	2,05
5,64	2,05
5,65	2,05
5,65	2,05
5,66	2,05
5,66	2,05
5,66	2,05
5,67	2,05
5,67	2,05
5,68	2,05
5,68	2,05
5,68	2,05
5,69	2,05
5,70	2,05
5,70	2,05
5,70	2,05
5,70	2,05
5,71	2,05
5,71	2,05
5,72	2,05
5,72	2,06
5,72	2,06
5,73	2,06
5,73	2,06
5,73	2,06
5,74	2,06
5,74	2,06
5,75	2,06
5,75	2,06
5,76	2,06
5,76	2,07
5,77	2,07
5,77	2,07
5,78	2,07
5,78	2,07
5,79	2,07
5,79	2,07
5,79	2,07
5,80	2,08
5,80	2,08
5,81	2,08
5,81	2,08
5,82	2,08
5,82	2,08
5,82	2,09
5,83	2,09
5,83	2,09
5,84	2,09
5,84	2,09
5,84	2,10
5,85	2,10
5,85	2,10
5,85	2,10
5,86	2,10
5,86	2,11
5,87	2,11
5,88	2,11
5,88	2,11
5,88	2,11
5,89	2,12
5,89	2,12
5,89	2,12
5,90	2,12
5,90	2,13
5,91	2,13
5,91	2,13
5,91	2,13
5,92	2,14
5,92	2,14
5,93	2,14
5,93	2,15
5,94	2,15
5,94	2,15
5,94	2,15
5,95	2,16
5,95	2,16
5,95	2,16
5,96	2,17
5,96	2,17
5,97	2,17
5,97	2,18
5,97	2,18
5,98	2,18
5,99	2,19
5,99	2,19
5,99	2,20
6,00	2,20
6,00	2,20
6,00	2,21
6,01	2,21
6,01	2,21
6,02	2,22
6,02	2,22
6,02	2,22
6,03	2,23
6,03	2,23
6,03	2,23
6,04	2,24
6,04	2,24
6,05	2,25
6,05	2,25
6,05	2,26
6,06	2,26
6,06	2,26
6,06	2,27
6,07	2,27
6,07	2,28
6,07	2,28
6,08	2,29
6,08	2,29
6,08	2,30
6,09	2,30
6,09	2,31
6,10	2,31
6,10	2,32
6,11	2,32
6,11	2,33
6,11	2,33
6,12	2,34
6,12	2,34
6,13	2,35
6,13	2,35
6,14	2,36
6,14	2,36
6,14	2,37
6,15	2,37
6,15	2,38
6,15	2,38
6,16	2,39
6,16	2,39
6,16	2,40
6,17	2,40
6,17	2,41
6,18	2,41
6,18	2,42
6,18	2,43
6,18	2,43
6,19	2,44
6,19	2,44
6,20	2,45
6,20	2,45
6,20	2,46
6,21	2,47
6,21	2,47
6,21	2,48
6,22	2,48
6,22	2,49
6,23	2,49
6,23	2,50
6,23	2,51
6,24	2,51
6,24	2,52
6,25	2,53
6,25	2,53
6,26	2,54
6,26	2,55
6,26	2,55
6,27	2,56
6,27	2,57
6,28	2,57
6,28	2,58
6,28	2,60
6,28	2,58
6,29	2,60
6,29	2,61
6,29	2,62
6,29	2,63
6,30	2,63
6,30	2,64
6,30	2,65
6,31	2,65
6,32	2,66
6,32	2,67
6,33	2,68
6,33	2,68
6,33	2,69
6,34	2,70
6,34	2,71
6,34	2,71
6,35	2,72
6,35	2,73
6,36	2,74
6,36	2,74
6,36	2,75
6,37	2,76
6,37	2,77
6,37	2,77
6,38	2,78
6,38	2,79
6,39	2,80
6,39	2,81
6,39	2,81
6,40	2,82
6,40	2,83
6,40	2,84
6,41	2,84
6,41	2,85
6,41	2,86
6,42	2,87
6,42	2,88
6,42	2,88
6,43	2,89
6,43	2,90
6,43	2,91
6,44	2,92
6,44	2,93
6,44	2,93
6,45	2,94
6,45	2,95
6,45	2,96
6,46	2,97
6,46	2,98
6,46	2,99
6,47	3,00
6,47	3,00
6,48	3,01
6,48	3,02
6,48	3,03
6,49	3,04
6,49	3,05
6,49	3,06
6,50	3,07
6,50	3,07
6,51	3,08
6,51	3,09
6,51	3,10
6,51	3,11
6,52	3,12
6,52	3,13
6,53	3,14
6,53	3,15
6,53	3,16
6,54	3,16
6,54	3,17
6,54	3,18
6,55	3,19
6,55	3,20
6,55	3,21
6,56	3,22
6,56	3,23
6,56	3,24
6,57	3,25
6,57	3,26
6,57	3,27
6,57	3,28
6,58	3,29
6,58	3,30
6,59	3,31
6,59	3,32
6,59	3,33
6,60	3,34
6,60	3,35
6,60	3,36
6,60	3,37
6,61	3,38
6,61	3,39
6,61	3,40
6,61	3,41
6,62	3,42
6,62	3,43
6,62	3,44
6,63	3,45
6,63	3,46
6,63	3,47
6,64	3,48
6,64	3,49
6,64	3,50
6,65	3,51
6,65	3,52
6,65	3,53
6,66	3,54
6,66	3,55
6,66	3,56
6,67	3,57
6,67	3,58
6,67	3,59
6,68	3,60
6,68	3,61
6,68	3,62
6,69	3,63
6,69	3,64
6,70	3,65
6,70	3,66
6,70	3,68
6,71	3,69
6,71	3,70
6,72	3,71
6,72	3,72
6,72	3,73
6,73	3,75
6,73	3,77
6,74	3,79
6,74	3,80
6,75	3,83
6,75	3,84
6,75	3,86
6,75	3,87
6,76	3,89
6,76	3,90
6,77	3,92
6,77	3,95
6,78	3,96
6,78	3,97
6,78	4,00
6,79	4,02
6,79	4,03
6,79	4,04
6,80	4,05
6,80	4,08
6,80	4,07
6,80	4,09
6,80	4,10
6,81	4,11
6,81	4,12
6,81	4,15
6,82	4,16
6,82	4,18
6,82	4,20
6,83	4,19
6,83	4,21
6,83	4,22
6,84	4,23
6,84	4,24
6,84	4,25
6,85	4,26
6,85	4,27
6,86	4,28
6,86	4,29
6,86	4,30
6,87	4,33
6,87	4,35
6,87	4,36
6,88	4,37
6,88	4,38
6,88	4,39
6,89	4,40
6,89	4,41
6,89	4,40
6,90	4,42
6,90	4,43
6,91	4,44
6,91	4,44
6,91	4,45
6,92	4,46
6,92	4,47
6,92	4,47
6,92	4,48
6,93	4,49
6,93	4,49
6,93	4,50
6,94	4,51
6,94	4,52
6,94	4,52
6,95	4,53
6,95	4,54
6,96	4,54
6,96	4,55
6,97	4,56
6,97	4,57
6,97	4,58
6,98	4,58
6,98	4,59
6,98	4,60
6,98	4,60
6,99	4,61
6,99	4,63
6,99	4,63
6,99	4,64
7,00	4,65
7,00	4,66
7,01	4,66
7,01	4,67
7,01	4,68
7,02	4,68
7,02	4,69
7,03	4,69
7,03	4,70
7,03	4,70
7,03	4,71
7,04	4,72
7,05	4,72
7,05	4,73
7,05	4,73
7,06	4,74
7,06	4,74
7,06	4,75
7,07	4,75
7,07	4,76
7,07	4,76
7,07	4,76
7,08	4,77
7,08	4,77
7,08	4,77
7,08	4,78
7,08	4,78
7,09	4,79
7,09	4,79
7,09	4,79
7,09	4,80
7,09	4,80
7,10	4,80
7,10	4,81
7,10	4,81
7,11	4,81
7,11	4,82
7,11	4,82
7,12	4,82
7,12	4,83
7,12	4,83
7,13	4,83
7,13	4,83
7,13	4,84
7,13	4,84
7,14	4,84
7,14	4,85
7,14	4,85
7,14	4,85
7,15	4,85
7,15	4,86
7,15	4,86
7,16	4,86
7,16	4,86
7,16	4,87
7,17	4,87
7,17	4,87
7,17	4,87
7,17	4,87
7,18	4,87
7,18	4,88
7,18	4,88
7,18	4,88
7,18	4,88
7,19	4,88
7,19	4,89
7,20	4,89
7,20	4,89
7,20	4,89
7,20	4,89
7,21	4,89
7,21	4,89
7,21	4,89
7,22	4,90
7,22	4,90
7,22	4,90
7,22	4,90
7,23	4,90
7,23	4,90
7,23	4,90
7,24	4,90
7,24	4,90
7,24	4,91
7,25	4,91
7,25	4,91
7,25	4,91
7,26	4,91
7,26	4,91
7,26	4,91
7,26	4,91
7,27	4,91
7,27	4,91
7,27	4,91
7,27	4,91
7,28	4,91
7,28	4,91
7,28	4,91
7,28	4,91
7,29	4,91
7,29	4,91
7,29	4,91
7,29	4,91
7,29	4,91
7,30	4,91
7,30	4,91
7,30	4,91
7,31	4,91
7,31	4,91
7,32	4,90
7,32	4,90
7,33	4,90
7,33	4,90
7,33	4,90
7,34	4,90
7,34	4,90
7,34	4,90
7,34	4,90
7,35	4,89
7,35	4,89
7,35	4,89
7,35	4,89
7,36	4,89
7,36	4,89
7,36	4,89
7,36	4,88
7,36	4,88
7,37	4,88
7,37	4,88
7,37	4,88
7,38	4,88
7,38	4,87
7,38	4,87
7,38	4,87
7,39	4,87
7,39	4,86
7,39	4,86
7,39	4,86
7,40	4,86
7,40	4,86
7,40	4,85
7,41	4,85
7,41	4,85
7,41	4,85
7,41	4,84
7,42	4,84
7,42	4,84
7,42	4,84
7,43	4,83
7,43	4,83
7,43	4,83
7,43	4,83
7,44	4,82
7,44	4,82
7,44	4,82
7,44	4,82
7,45	4,81
7,45	4,81
7,45	4,81
7,45	4,81
7,45	4,80
7,46	4,80
7,46	4,80
7,46	4,79
7,46	4,79
7,47	4,79
7,47	4,78
7,47	4,78
7,47	4,78
7,48	4,78
7,48	4,78
7,48	4,77
7,49	4,77
7,49	4,77
7,49	4,77
7,49	4,76
7,49	4,76
7,50	4,76
7,50	4,76
7,50	4,76
7,50	4,75
7,51	4,75
7,51	4,75
7,51	4,75
7,51	4,74
7,51	4,74
7,52	4,74
7,52	4,74
7,52	4,74
7,53	4,73
7,53	4,73
7,53	4,73
7,53	4,73
7,54	4,73
7,54	4,72
7,54	4,72
7,54	4,72
7,55	4,72
7,55	4,72
7,55	4,71
7,55	4,71
7,55	4,71
7,56	4,71
7,56	4,70
7,56	4,70
7,56	4,70
7,57	4,70
7,57	4,70
7,57	4,69
7,57	4,69
7,58	4,69
7,58	4,69
7,58	4,69
7,59	4,68
7,59	4,68
7,59	4,68
7,59	4,68
7,60	4,68
7,60	4,68
7,60	4,67
7,60	4,67
7,60	4,67
7,61	4,67
7,61	4,66
7,61	4,66
7,61	4,66
7,61	4,66
7,62	4,66
7,62	4,65
7,62	4,65
7,62	4,65
7,63	4,64
7,63	4,64
7,63	4,64
7,63	4,64
7,64	4,63
7,64	4,63
7,64	4,63
7,64	4,62
7,64	4,62
7,65	4,62
7,65	4,62
7,65	4,61
7,65	4,61
7,65	4,61
7,66	4,61
7,66	4,60
7,66	4,60
7,66	4,60
7,66	4,60
7,67	4,59
7,67	4,59
7,67	4,59
7,67	4,59
7,68	4,58
7,68	4,58
7,68	4,58
7,68	4,58
7,68	4,58
7,69	4,57
7,69	4,57
7,69	4,57
7,69	4,57
7,69	4,57
7,70	4,56
7,70	4,56
7,70	4,56
7,70	4,56
7,71	4,56
7,71	4,55
7,71	4,55
7,71	4,55
7,72	4,55
7,72	4,55
7,72	4,54
7,72	4,54
7,72	4,54
7,72	4,54
7,72	4,54
7,73	4,53
7,73	4,53
7,73	4,53
7,73	4,53
7,74	4,52
7,74	4,52
7,74	4,52
7,74	4,52
7,74	4,52
7,75	4,51
7,75	4,51
7,75	4,51
7,75	4,51
7,76	4,51
7,76	4,50
7,76	4,50
7,76	4,50
7,77	4,50
7,77	4,50
7,77	4,50
7,77	4,49
7,77	4,49
7,78	4,49
7,78	4,48
7,78	4,48
7,78	4,48
7,78	4,48
7,79	4,48
7,79	4,47
7,79	4,47
7,79	4,47
7,80	4,47
7,80	4,47
7,80	4,47
7,80	4,46
7,80	4,46
7,81	4,46
7,81	4,46
7,81	4,46
7,81	4,45
7,82	4,45
7,82	4,45
7,82	4,45
7,82	4,45
7,82	4,44
7,83	4,44
7,83	4,44
7,83	4,44
7,83	4,43
7,84	4,43
7,84	4,43
7,84	4,43
7,84	4,43
7,84	4,42
7,85	4,42
7,85	4,42
7,85	4,42
7,85	4,42
7,86	4,42
7,86	4,42
7,86	4,41
7,86	4,41
7,86	4,41
7,86	4,41
7,87	4,40
7,87	4,40
7,87	4,40
7,87	4,40
7,88	4,40
7,88	4,40
7,88	4,39
7,88	4,39
7,89	4,39
7,89	4,39
7,89	4,39
7,89	4,38
7,90	4,38
7,90	4,38
7,90	4,38
7,90	4,38
7,90	4,38
7,91	4,38
7,91	4,37
7,91	4,37
7,91	4,37
7,91	4,37
7,91	4,37
7,92	4,37
7,92	4,37
7,92	4,37
7,92	4,36
7,92	4,36
7,92	4,36
7,93	4,36
7,93	4,36
7,93	4,36
7,93	4,35
7,93	4,35
7,94	4,35
7,94	4,35
7,94	4,35
7,94	4,35
7,95	4,35
7,95	4,35
7,95	4,34
7,95	4,34
7,95	4,34
7,96	4,34
7,96	4,34
7,96	4,34
7,96	4,34
7,97	4,33
7,97	4,33
7,97	4,33
7,97	4,33
7,97	4,33
7,98	4,33
7,98	4,33
7,98	4,32
7,98	4,32
7,98	4,32
7,99	4,32
7,99	4,32
7,99	4,32
7,99	4,32
7,99	4,31
7,99	4,31
8,00	4,31
8,00	4,31
8,00	4,31
8,00	4,31
8,01	4,31
8,01	4,31
8,01	4,31
8,01	4,31
8,02	4,30
8,02	4,30
8,02	4,30
8,02	4,30
8,02	4,30
8,03	4,30
8,03	4,30
8,03	4,30
8,03	4,30
8,03	4,30
8,04	4,29
8,04	4,29
8,04	4,29
8,04	4,29
8,04	4,29
8,05	4,29
8,05	4,29
8,05	4,29
8,05	4,29
8,06	4,29
8,06	4,29
8,06	4,28
8,06	4,28
8,07	4,28
8,07	4,28
8,07	4,28
8,08	4,28
8,08	4,28
8,08	4,28
8,08	4,28
8,09	4,28
8,09	4,28
8,09	4,28
8,10	4,28
8,10	4,27
8,10	4,27
8,10	4,27
8,10	4,27
8,10	4,27
8,11	4,27
8,11	4,27
8,11	4,27
8,12	4,27
8,12	4,27
8,12	4,27
8,13	4,27
8,13	4,27
8,13	4,27
8,13	4,27
8,13	4,27
8,13	4,27
8,14	4,27
8,14	4,27
8,15	4,27
8,15	4,27
8,15	4,27
8,15	4,27
8,16	4,27
8,16	4,27
8,16	4,27
8,16	4,27
8,16	4,27
8,17	4,27
8,17	4,27
8,18	4,27
8,18	4,27
8,18	4,27
8,18	4,27
8,18	4,27
8,18	4,27
8,19	4,27
8,19	4,27
8,19	4,27
8,20	4,27
8,20	4,27
8,21	4,27
8,21	4,27
8,21	4,27
8,21	4,27
8,22	4,27
8,22	4,28
8,22	4,28
8,23	4,28
8,23	4,28
8,23	4,28
8,23	4,28
8,24	4,28
8,24	4,28
8,24	4,28
8,24	4,28
8,25	4,28
8,25	4,29
8,26	4,29
8,26	4,29
8,26	4,29
8,27	4,29
8,27	4,29
8,27	4,29
8,27	4,29
8,27	4,30
8,28	4,30
8,28	4,30
8,28	4,30
8,28	4,30
8,28	4,30
8,29	4,31
8,29	4,31
8,29	4,31
8,30	4,31
8,30	4,31
8,30	4,31
8,30	4,32
8,30	4,32
8,31	4,32
8,31	4,32
8,31	4,32
8,32	4,32
8,32	4,32
8,32	4,33
8,32	4,32
8,32	4,32
8,32	4,33
8,33	4,33
8,33	4,34
8,33	4,34
8,34	4,34
8,34	4,34
8,34	4,34
8,35	4,35
8,35	4,35
8,35	4,35
8,35	4,36
8,36	4,36
8,36	4,36
8,36	4,36
8,37	4,36
8,37	4,36
8,37	4,36
8,37	4,37
8,37	4,37
8,38	4,37
8,38	4,37
8,38	4,38
8,38	4,38
8,39	4,39
8,39	4,39
8,39	4,40
8,39	4,40
8,39	4,40
8,39	4,40
8,40	4,40
8,40	4,40
8,40	4,41
8,40	4,41
8,41	4,41
8,41	4,41
8,41	4,42
8,41	4,42
8,41	4,42
8,41	4,42
8,42	4,42
8,42	4,43
8,43	4,43
8,43	4,43
8,43	4,44
8,43	4,44
8,43	4,44
8,44	4,45
8,44	4,45
8,44	4,46
8,44	4,45
8,44	4,46
8,45	4,46
8,45	4,47
8,45	4,47
8,45	4,47
8,46	4,48
8,46	4,48
8,46	4,48
8,46	4,49
8,47	4,49
8,47	4,49
8,47	4,49
8,47	4,50
8,47	4,50
8,48	4,50
8,48	4,50
8,48	4,51
8,48	4,51
8,48	4,52
8,48	4,52
8,49	4,53
8,49	4,53
8,49	4,53
8,49	4,54
8,49	4,54
8,50	4,54
8,50	4,54
8,50	4,56
8,50	4,55
8,50	4,55
8,50	4,56
8,51	4,56
8,51	4,57
8,51	4,57
8,52	4,57
8,52	4,58
8,53	4,58
8,53	4,58
8,53	4,60
8,53	4,58
8,53	4,59
8,53	4,59
8,54	4,61
8,54	4,62
8,54	4,62
8,55	4,62
8,55	4,63
8,55	4,63
8,56	4,63
8,56	4,65
8,56	4,64
8,56	4,63
8,56	4,66
8,56	4,67
8,57	4,67
8,57	4,67
8,57	4,68
8,57	4,68
8,57	4,69
8,58	4,69
8,58	4,69
8,58	4,69
8,58	4,70
8,59	4,70
8,59	4,71
8,59	4,71
8,59	4,72
8,59	4,72
8,59	4,72
8,60	4,73
8,60	4,73
8,60	4,74
8,60	4,75
8,60	4,74
8,61	4,75
8,61	4,75
8,61	4,76
8,61	4,76
8,61	4,76
8,61	4,77
8,62	4,77
8,62	4,77
8,62	4,78
8,62	4,78
8,63	4,79
8,63	4,80
8,63	4,79
8,63	4,80
8,63	4,81
8,63	4,81
8,64	4,82
8,64	4,82
8,64	4,83
8,64	4,83
8,64	4,84
8,65	4,84
8,65	4,84
8,65	4,85
8,65	4,85
8,65	4,86
8,65	4,86
8,65	4,86
8,66	4,87
8,66	4,87
8,66	4,87
8,66	4,88
8,67	4,89
8,67	4,90
8,67	4,91
8,67	4,90
8,67	4,90
8,67	4,92
8,67	4,92
8,68	4,93
8,68	4,93
8,68	4,94
8,69	4,94
8,69	4,95
8,69	4,95
8,69	4,95
8,69	4,96
8,70	4,97
8,70	4,97
8,70	4,97
8,70	4,98
8,70	4,97
8,70	4,99
8,70	5,02
8,71	5,02
8,71	5,03
8,71	5,04
8,72	5,04
8,72	5,04
8,72	5,05
8,72	5,06
8,72	5,06
8,72	5,06
8,73	5,07
8,73	5,08
8,73	5,08
8,74	5,09
8,74	5,09
8,74	5,09
8,74	5,10
8,75	5,11
8,75	5,12
8,75	5,11
8,75	5,11
8,75	5,13
8,76	5,13
8,76	5,14
8,76	5,15
8,76	5,15
8,76	5,16
8,76	5,20
8,77	5,16
8,77	5,16
8,77	5,17
8,77	5,20
8,77	5,22
8,78	5,22
8,78	5,22
8,78	5,24
8,78	5,23
8,79	5,25
8,79	5,23
8,79	5,25
8,79	5,27
8,79	5,28
8,79	5,28
8,80	5,29
8,80	5,29
8,80	5,30
8,81	5,30
8,81	5,31
8,81	5,30
8,81	5,31
8,81	5,34
8,81	5,32
8,82	5,33
8,82	5,32
8,82	5,35
8,82	5,35
8,82	5,36
8,82	5,37
8,83	5,37
8,83	5,37
8,83	5,39
8,83	5,39
8,84	5,40
8,84	5,41
8,84	5,40
8,84	5,41
8,84	5,42
8,84	5,42
8,84	5,41
8,85	5,43
8,85	5,43
8,85	5,44
8,85	5,45
8,85	5,48
8,85	5,45
8,86	5,45
8,86	5,49
8,86	5,50
8,87	5,49
8,87	5,50
8,87	5,50
8,87	5,51
8,87	5,52
8,88	5,51
8,88	5,53
8,88	5,53
8,88	5,54
8,88	5,54
8,88	5,54
8,89	5,54
8,89	5,53
8,89	5,53
8,90	5,53
8,90	5,53
8,90	5,51
8,90	5,52
8,90	5,51
8,90	5,46
8,91	5,45
8,91	5,44
8,91	5,42
8,91	5,41
8,91	5,41
8,92	5,40
8,92	5,40
8,92	5,40
8,92	5,39
8,92	5,39
8,93	5,39
8,93	5,38
8,93	5,36
8,93	5,34
8,93	5,34
8,93	5,34
8,94	5,34
8,94	5,33
8,94	5,33
8,94	5,32
8,94	5,32
8,94	5,32
8,94	5,32
8,95	5,31
8,95	5,30
8,95	5,30
8,95	5,29
8,95	5,29
8,95	5,29
8,95	5,29
8,96	5,28
8,96	5,28
8,96	5,28
8,96	5,28
8,96	5,28
8,96	5,27
8,97	5,27
8,97	5,27
8,97	5,27
8,97	5,27
8,97	5,26
8,97	5,26
8,97	5,26
8,98	5,26
8,98	5,26
8,98	5,26
8,98	5,26
8,98	5,26
8,98	5,26
8,99	5,26
8,99	5,26
8,99	5,26
8,99	5,25
8,99	5,25
9,00	5,25
9,00	5,25
9,00	5,25
9,00	5,25
9,00	5,26
9,00	5,26
9,00	5,26
9,01	5,26
9,01	5,26
9,01	5,26
9,01	5,26
9,01	5,26
9,01	5,26
9,02	5,26
9,02	5,26
9,02	5,27
9,02	5,27
9,02	5,27
9,02	5,27
9,02	5,27
9,03	5,27
9,03	5,27
9,03	5,28
9,03	5,28
9,03	5,28
9,03	5,28
9,04	5,28
9,04	5,28
9,04	5,29
9,04	5,29
9,04	5,29
9,04	5,32
9,05	5,29
9,05	5,30
9,05	5,30
9,05	5,30
9,05	5,30
9,05	5,32
9,06	5,32
9,06	5,33
9,06	5,33
9,06	5,33
9,06	5,33
9,06	5,34
9,06	5,34
9,07	5,34
9,07	5,34
9,07	5,34
9,07	5,35
9,07	5,35
9,07	5,35
9,07	5,37
9,08	5,38
9,08	5,38
9,08	5,39
9,08	5,39
9,08	5,40
9,09	5,40
9,09	5,40
9,09	5,41
9,09	5,41
9,09	5,43
