Tensão U2	Tensão U1
U2/V	U1/V

0,02	0,02
0,03	0,02
0,03	0,02
0,03	0,02
0,03	0,02
0,03	0,02
0,03	0,02
0,03	0,02
0,04	0,02
0,04	0,02
0,04	0,02
0,04	0,02
0,04	0,02
0,05	0,02
0,06	0,02
0,06	0,02
0,07	0,02
0,09	0,02
0,10	0,02
0,12	0,02
0,14	0,02
0,16	0,02
0,17	0,02
0,19	0,02
0,21	0,02
0,24	0,02
0,26	0,02
0,27	0,02
0,29	0,02
0,32	0,02
0,33	0,02
0,36	0,02
0,38	0,02
0,40	0,02
0,41	0,02
0,43	0,02
0,45	0,02
0,47	0,02
0,50	0,02
0,52	0,02
0,54	0,02
0,56	0,02
0,58	0,02
0,60	0,02
0,62	0,02
0,64	0,02
0,66	0,02
0,68	0,02
0,70	0,02
0,72	0,02
0,75	0,02
0,76	0,02
0,78	0,02
0,79	0,02
0,81	0,02
0,84	0,02
0,86	0,02
0,88	0,02
0,90	0,02
0,92	0,02
0,94	0,02
0,96	0,02
0,98	0,02
0,99	0,02
1,02	0,02
1,03	0,02
1,05	0,02
1,07	0,02
1,09	0,02
1,11	0,02
1,13	0,02
1,15	0,03
1,17	0,02
1,19	0,02
1,21	0,03
1,23	0,03
1,25	0,03
1,27	0,03
1,28	0,03
1,30	0,03
1,32	0,03
1,34	0,03
1,35	0,03
1,37	0,03
1,39	0,03
1,41	0,03
1,42	0,03
1,45	0,03
1,47	0,03
1,49	0,03
1,51	0,03
1,53	0,03
1,55	0,03
1,56	0,03
1,58	0,03
1,61	0,04
1,62	0,04
1,64	0,04
1,66	0,04
1,68	0,04
1,70	0,04
1,71	0,04
1,73	0,04
1,75	0,04
1,77	0,04
1,79	0,04
1,81	0,04
1,83	0,04
1,85	0,04
1,87	0,04
1,88	0,04
1,90	0,04
1,92	0,04
1,94	0,04
1,96	0,04
1,98	0,05
1,99	0,05
2,01	0,05
2,03	0,05
2,05	0,05
2,06	0,05
2,08	0,05
2,10	0,05
2,12	0,05
2,13	0,05
2,15	0,05
2,17	0,05
2,18	0,05
2,20	0,05
2,22	0,05
2,24	0,05
2,26	0,06
2,28	0,06
2,29	0,06
2,31	0,06
2,33	0,06
2,34	0,06
2,36	0,06
2,38	0,06
2,39	0,06
2,41	0,06
2,42	0,06
2,44	0,06
2,46	0,06
2,48	0,06
2,49	0,06
2,51	0,06
2,53	0,06
2,55	0,06
2,56	0,06
2,58	0,06
2,60	0,06
2,61	0,06
2,63	0,06
2,65	0,06
2,67	0,06
2,69	0,07
2,70	0,07
2,71	0,06
2,73	0,07
2,75	0,07
2,77	0,07
2,79	0,07
2,81	0,07
2,82	0,07
2,85	0,07
2,86	0,07
2,88	0,07
2,90	0,07
2,91	0,07
2,93	0,07
2,95	0,07
2,97	0,07
2,98	0,07
3,00	0,07
3,01	0,07
3,02	0,07
3,04	0,07
3,06	0,07
3,08	0,07
3,10	0,07
3,11	0,07
3,12	0,07
3,15	0,07
3,16	0,07
3,18	0,07
3,19	0,07
3,21	0,07
3,23	0,07
3,25	0,07
3,27	0,07
3,28	0,07
3,30	0,07
3,31	0,07
3,32	0,07
3,35	0,07
3,36	0,07
3,38	0,07
3,40	0,07
3,41	0,08
3,42	0,08
3,44	0,08
3,46	0,08
3,48	0,08
3,50	0,08
3,51	0,08
3,53	0,08
3,54	0,08
3,56	0,08
3,58	0,08
3,59	0,08
3,61	0,08
3,62	0,08
3,64	0,08
3,65	0,08
3,67	0,08
3,68	0,08
3,70	0,08
3,71	0,08
3,73	0,08
3,75	0,08
3,76	0,09
3,78	0,09
3,80	0,09
3,82	0,09
3,83	0,09
3,85	0,09
3,86	0,09
3,88	0,09
3,90	0,09
3,91	0,09
3,93	0,09
3,94	0,09
3,95	0,09
3,97	0,10
3,99	0,10
4,01	0,10
4,03	0,10
4,04	0,10
4,05	0,10
4,07	0,10
4,09	0,10
4,11	0,10
4,12	0,10
4,13	0,11
4,14	0,11
4,16	0,11
4,18	0,11
4,20	0,11
4,21	0,11
4,22	0,11
4,24	0,11
4,26	0,11
4,28	0,12
4,29	0,12
4,31	0,12
4,32	0,12
4,33	0,12
4,35	0,12
4,36	0,13
4,38	0,13
4,39	0,13
4,41	0,13
4,42	0,13
4,44	0,13
4,45	0,13
4,47	0,14
4,49	0,14
4,50	0,14
4,52	0,14
4,53	0,14
4,54	0,14
4,56	0,14
4,57	0,14
4,59	0,15
4,60	0,15
4,62	0,15
4,63	0,15
4,64	0,15
4,66	0,15
4,67	0,15
4,69	0,16
4,70	0,16
4,72	0,16
4,73	0,16
4,75	0,16
4,77	0,16
4,78	0,16
4,80	0,16
4,81	0,16
4,83	0,16
4,84	0,17
4,86	0,17
4,87	0,17
4,88	0,17
4,90	0,17
4,91	0,17
4,93	0,17
4,94	0,17
4,96	0,17
4,97	0,17
4,99	0,17
5,00	0,17
5,02	0,17
5,03	0,18
5,05	0,18
5,06	0,18
5,07	0,18
5,09	0,18
5,10	0,18
5,12	0,18
5,13	0,18
5,15	0,18
5,16	0,18
5,18	0,18
5,19	0,18
5,20	0,18
5,22	0,18
5,23	0,18
5,25	0,18
5,26	0,18
5,27	0,18
5,29	0,18
5,30	0,18
5,31	0,18
5,33	0,18
5,34	0,18
5,36	0,18
5,37	0,18
5,39	0,18
5,40	0,18
5,41	0,18
5,43	0,18
5,44	0,18
5,46	0,18
5,47	0,18
5,48	0,18
5,50	0,18
5,51	0,18
5,52	0,18
5,54	0,18
5,55	0,18
5,57	0,18
5,58	0,18
5,59	0,18
5,61	0,18
5,62	0,18
5,63	0,18
5,65	0,18
5,67	0,18
5,68	0,18
5,69	0,18
5,71	0,18
5,72	0,18
5,74	0,18
5,75	0,18
5,76	0,18
5,78	0,18
5,79	0,18
5,80	0,18
5,82	0,18
5,83	0,18
5,85	0,18
5,86	0,18
5,87	0,18
5,88	0,18
5,90	0,18
5,91	0,18
5,92	0,18
5,94	0,18
5,95	0,18
5,96	0,18
5,97	0,18
5,99	0,18
6,00	0,19
6,01	0,19
6,03	0,19
6,04	0,19
6,05	0,19
6,07	0,19
6,08	0,19
6,09	0,19
6,11	0,19
6,12	0,19
6,13	0,19
6,15	0,19
6,16	0,19
6,17	0,19
6,18	0,19
6,20	0,19
6,21	0,19
6,22	0,19
6,24	0,19
6,25	0,19
6,27	0,19
6,28	0,20
6,29	0,20
6,31	0,20
6,32	0,20
6,33	0,20
6,35	0,20
6,36	0,20
6,37	0,20
6,39	0,20
6,40	0,20
6,41	0,21
6,42	0,21
6,44	0,21
6,45	0,21
6,46	0,21
6,47	0,21
6,49	0,21
6,50	0,21
6,51	0,22
6,53	0,22
6,54	0,22
6,55	0,22
6,56	0,22
6,58	0,22
6,59	0,22
6,60	0,23
6,61	0,23
6,63	0,23
6,64	0,23
6,65	0,23
6,67	0,23
6,68	0,24
6,69	0,24
6,71	0,24
6,72	0,24
6,73	0,24
6,74	0,25
6,76	0,25
6,77	0,25
6,78	0,25
6,79	0,25
6,80	0,26
6,82	0,26
6,83	0,26
6,84	0,26
6,85	0,27
6,86	0,27
6,88	0,27
6,89	0,27
6,90	0,27
6,91	0,28
6,93	0,28
6,94	0,28
6,95	0,28
6,96	0,29
6,97	0,29
6,99	0,29
7,00	0,29
7,01	0,30
7,02	0,30
7,04	0,30
7,05	0,30
7,06	0,31
7,07	0,31
7,09	0,31
7,10	0,31
7,11	0,31
7,12	0,32
7,13	0,32
7,15	0,32
7,16	0,32
7,17	0,33
7,18	0,33
7,20	0,33
7,21	0,33
7,22	0,33
7,23	0,34
7,24	0,34
7,26	0,34
7,27	0,34
7,28	0,34
7,29	0,35
7,30	0,35
7,31	0,35
7,32	0,35
7,33	0,35
7,34	0,36
7,36	0,36
7,37	0,36
7,38	0,36
7,39	0,36
7,41	0,36
7,42	0,37
7,43	0,37
7,44	0,37
7,45	0,37
7,47	0,37
7,48	0,37
7,49	0,37
7,50	0,37
7,51	0,37
7,52	0,38
7,54	0,38
7,55	0,38
7,56	0,38
7,57	0,38
7,58	0,38
7,59	0,38
7,61	0,38
7,62	0,38
7,63	0,38
7,64	0,38
7,65	0,39
7,66	0,39
7,67	0,39
7,68	0,39
7,70	0,39
7,71	0,39
7,72	0,39
7,73	0,39
7,74	0,39
7,76	0,39
7,77	0,39
7,78	0,39
7,79	0,39
7,80	0,39
7,81	0,39
7,82	0,39
7,83	0,39
7,84	0,39
7,85	0,39
7,87	0,39
7,88	0,39
7,89	0,39
7,90	0,39
7,91	0,39
7,92	0,39
7,93	0,39
7,94	0,39
7,95	0,39
7,96	0,39
7,97	0,39
7,98	0,39
8,00	0,39
8,01	0,39
8,02	0,39
8,03	0,39
8,04	0,39
8,05	0,39
8,06	0,39
8,07	0,39
8,09	0,39
8,10	0,39
8,11	0,39
8,12	0,39
8,13	0,39
8,14	0,39
8,15	0,39
8,17	0,39
8,18	0,39
8,19	0,39
8,20	0,39
8,21	0,39
8,22	0,38
8,23	0,38
8,24	0,38
8,25	0,38
8,26	0,38
8,27	0,38
8,28	0,38
8,29	0,38
8,30	0,38
8,31	0,38
8,32	0,38
8,34	0,38
8,35	0,38
8,36	0,38
8,37	0,38
8,38	0,38
8,39	0,38
8,40	0,38
8,41	0,38
8,42	0,38
8,43	0,38
8,44	0,38
8,45	0,38
8,46	0,38
8,47	0,38
8,48	0,38
8,49	0,38
8,51	0,38
8,52	0,38
8,53	0,38
8,54	0,38
8,55	0,38
8,56	0,38
8,57	0,38
8,58	0,38
8,59	0,38
8,60	0,38
8,61	0,38
8,62	0,38
8,63	0,38
8,64	0,38
8,65	0,38
8,66	0,38
8,67	0,38
8,68	0,38
8,69	0,38
8,70	0,38
8,71	0,38
8,72	0,38
8,73	0,38
8,74	0,38
8,75	0,39
8,76	0,39
8,77	0,39
8,78	0,39
8,79	0,39
8,80	0,39
8,81	0,39
8,82	0,39
8,84	0,39
8,85	0,39
8,85	0,39
8,86	0,39
8,88	0,39
8,88	0,40
8,90	0,40
8,91	0,40
8,91	0,40
8,93	0,40
8,94	0,40
8,94	0,40
8,95	0,40
8,96	0,40
8,97	0,40
8,98	0,41
8,99	0,41
9,00	0,41
9,01	0,41
9,02	0,41
9,03	0,41
9,04	0,41
9,05	0,42
9,06	0,42
9,07	0,42
9,08	0,42
9,09	0,42
9,10	0,42
9,11	0,43
9,12	0,43
9,13	0,43
9,14	0,43
9,15	0,43
9,16	0,43
9,17	0,44
9,18	0,44
9,19	0,44
9,20	0,44
9,21	0,44
9,22	0,45
9,23	0,45
9,24	0,45
9,25	0,45
9,26	0,45
9,27	0,46
9,28	0,46
9,29	0,46
9,30	0,47
9,31	0,47
9,32	0,47
9,33	0,47
9,34	0,47
9,35	0,48
9,36	0,48
9,37	0,48
9,38	0,49
9,39	0,49
9,40	0,49
9,40	0,49
9,41	0,50
9,42	0,50
9,43	0,50
9,44	0,51
9,45	0,51
9,46	0,51
9,47	0,51
9,48	0,52
9,49	0,52
9,50	0,52
9,51	0,53
9,51	0,53
9,52	0,53
9,53	0,54
9,54	0,54
9,55	0,54
9,56	0,55
9,57	0,55
9,58	0,55
9,59	0,56
9,60	0,56
9,61	0,56
9,61	0,57
9,62	0,57
9,63	0,57
9,64	0,58
9,65	0,58
9,66	0,58
9,67	0,58
9,68	0,59
9,69	0,59
9,70	0,59
9,71	0,60
9,72	0,60
9,73	0,60
9,74	0,61
9,75	0,61
9,75	0,61
9,76	0,62
9,77	0,62
9,78	0,62
9,79	0,63
9,80	0,63
9,81	0,63
9,82	0,64
9,82	0,64
9,83	0,64
9,84	0,64
9,85	0,65
9,86	0,65
9,87	0,65
9,88	0,65
9,89	0,66
9,90	0,66
9,91	0,66
9,92	0,67
9,93	0,67
9,94	0,67
9,94	0,67
9,95	0,67
9,96	0,68
9,97	0,68
9,98	0,68
9,99	0,68
10,00	0,69
10,01	0,69
10,02	0,69
10,03	0,69
10,03	0,70
10,04	0,70
10,05	0,70
10,06	0,70
10,07	0,71
10,08	0,71
10,09	0,71
10,10	0,71
10,10	0,71
10,11	0,71
10,12	0,71
10,13	0,72
10,14	0,72
10,15	0,72
10,16	0,72
10,17	0,72
10,17	0,72
10,18	0,72
10,19	0,73
10,20	0,73
10,21	0,73
10,22	0,73
10,23	0,73
10,24	0,73
10,24	0,73
10,25	0,73
10,26	0,73
10,27	0,73
10,28	0,73
10,29	0,73
10,29	0,73
10,30	0,74
10,31	0,74
10,32	0,74
10,33	0,74
10,34	0,74
10,34	0,74
10,35	0,74
10,36	0,74
10,37	0,74
10,38	0,74
10,39	0,74
10,40	0,74
10,41	0,74
10,42	0,74
10,43	0,74
10,43	0,74
10,44	0,74
10,45	0,74
10,46	0,74
10,46	0,74
10,47	0,74
10,48	0,74
10,49	0,74
10,50	0,74
10,51	0,74
10,52	0,74
10,53	0,74
10,53	0,74
10,54	0,74
10,55	0,74
10,56	0,74
10,57	0,74
10,57	0,74
10,58	0,74
10,59	0,74
10,60	0,74
10,60	0,74
10,61	0,74
10,62	0,74
10,63	0,74
10,63	0,73
10,64	0,73
10,65	0,73
10,66	0,73
10,66	0,73
10,67	0,73
10,68	0,73
10,69	0,73
10,70	0,73
10,71	0,73
10,71	0,73
10,72	0,73
10,73	0,73
10,74	0,73
10,75	0,73
10,75	0,73
10,76	0,73
10,77	0,73
10,78	0,73
10,78	0,73
10,80	0,73
10,80	0,73
10,81	0,73
10,82	0,72
10,83	0,72
10,84	0,72
10,84	0,72
10,85	0,72
10,86	0,72
10,87	0,72
10,88	0,72
10,88	0,72
10,89	0,72
10,90	0,72
10,91	0,72
10,91	0,72
10,92	0,72
10,93	0,72
10,94	0,72
10,95	0,72
10,95	0,72
10,96	0,72
10,97	0,72
10,98	0,72
10,98	0,72
10,99	0,72
11,00	0,72
11,01	0,72
11,01	0,72
11,02	0,72
11,03	0,72
11,04	0,72
11,05	0,72
11,05	0,72
11,06	0,71
11,07	0,71
11,08	0,71
11,09	0,71
11,09	0,71
11,10	0,71
11,11	0,71
11,11	0,71
11,12	0,71
11,13	0,71
11,14	0,71
11,15	0,71
11,15	0,71
11,16	0,71
11,17	0,71
11,18	0,71
11,18	0,71
11,19	0,71
11,20	0,71
11,21	0,71
11,22	0,71
11,22	0,71
11,23	0,71
11,24	0,71
11,25	0,71
11,25	0,71
11,26	0,71
11,27	0,71
11,28	0,71
11,28	0,71
11,29	0,71
11,30	0,71
11,30	0,71
11,31	0,70
11,32	0,70
11,33	0,70
11,33	0,70
11,34	0,70
11,35	0,70
11,35	0,70
11,36	0,70
11,37	0,70
11,38	0,70
11,38	0,70
11,39	0,70
11,40	0,70
11,41	0,70
11,41	0,70
11,42	0,70
11,43	0,70
11,44	0,70
11,44	0,70
11,45	0,70
11,46	0,70
11,47	0,70
11,48	0,70
11,48	0,70
11,49	0,70
11,50	0,70
11,51	0,70
11,51	0,70
11,52	0,70
11,53	0,70
11,53	0,70
11,54	0,70
11,55	0,70
11,55	0,70
11,56	0,70
11,57	0,70
11,58	0,71
11,58	0,71
11,59	0,71
11,60	0,71
11,60	0,71
11,61	0,71
11,62	0,71
11,62	0,71
11,63	0,71
11,64	0,71
11,64	0,71
11,65	0,71
11,66	0,71
11,66	0,71
11,67	0,71
11,68	0,71
11,69	0,71
11,69	0,71
11,70	0,72
11,71	0,72
11,71	0,72
11,72	0,72
11,73	0,72
11,73	0,72
11,74	0,72
11,74	0,72
11,75	0,72
11,76	0,72
11,77	0,73
11,77	0,73
11,78	0,73
11,79	0,73
11,80	0,73
11,81	0,73
11,82	0,73
11,82	0,73
11,83	0,73
11,84	0,73
11,84	0,74
11,85	0,74
11,85	0,74
11,86	0,74
11,86	0,74
11,87	0,74
11,87	0,74
11,88	0,75
11,89	0,75
11,90	0,75
11,90	0,75
11,91	0,75
11,91	0,75
11,92	0,76
11,93	0,76
11,94	0,76
11,95	0,76
11,95	0,76
11,96	0,76
11,97	0,77
11,98	0,77
11,99	0,77
11,99	0,77
12,01	0,77
12,01	0,78
12,02	0,78
12,03	0,78
12,03	0,78
12,04	0,78
12,05	0,79
12,05	0,79
12,06	0,79
12,06	0,79
12,07	0,79
12,08	0,80
12,08	0,80
12,09	0,80
12,09	0,80
12,10	0,80
12,10	0,81
12,11	0,81
12,12	0,81
12,13	0,81
12,13	0,82
12,14	0,82
12,15	0,82
12,15	0,82
12,16	0,83
12,16	0,83
12,17	0,83
12,18	0,83
12,18	0,84
12,18	0,84
12,19	0,84
12,20	0,84
12,20	0,85
12,21	0,85
12,22	0,85
12,23	0,86
12,23	0,86
12,24	0,86
12,25	0,86
12,26	0,87
12,26	0,87
12,26	0,87
12,27	0,88
12,28	0,88
12,28	0,88
12,29	0,88
12,30	0,89
12,30	0,89
12,31	0,89
12,32	0,90
12,32	0,90
12,33	0,90
12,33	0,90
12,33	0,91
12,34	0,91
12,35	0,91
12,35	0,92
12,36	0,92
12,36	0,92
12,37	0,93
12,38	0,93
12,39	0,93
12,39	0,94
12,40	0,94
12,40	0,94
12,41	0,95
12,42	0,95
12,43	0,95
12,44	0,95
12,44	0,96
12,45	0,96
12,46	0,96
12,46	0,97
12,47	0,97
12,48	0,97
12,48	0,98
12,49	0,98
12,49	0,99
12,50	0,99
12,50	0,99
12,51	1,00
12,52	1,00
12,52	1,00
12,53	1,00
12,53	1,01
12,54	1,01
12,55	1,01
12,55	1,02
12,56	1,02
12,56	1,02
12,57	1,03
12,58	1,03
12,58	1,03
12,59	1,04
12,60	1,04
12,60	1,04
12,61	1,04
12,62	1,05
12,62	1,05
12,63	1,05
12,64	1,05
12,65	1,06
12,65	1,06
12,66	1,06
12,66	1,07
12,67	1,07
12,68	1,07
12,69	1,08
12,69	1,08
12,70	1,08
12,71	1,08
12,71	1,09
12,72	1,09
12,72	1,09
12,73	1,09
12,73	1,10
12,74	1,10
12,74	1,10
12,75	1,10
12,75	1,11
12,76	1,11
12,76	1,11
12,77	1,11
12,77	1,12
12,78	1,12
12,78	1,12
12,79	1,12
12,80	1,12
12,80	1,13
12,81	1,13
12,81	1,13
12,82	1,13
12,82	1,13
12,83	1,14
12,84	1,14
12,84	1,14
12,85	1,14
12,85	1,15
12,86	1,15
12,87	1,15
12,87	1,15
12,88	1,15
12,88	1,15
12,89	1,16
12,89	1,16
12,90	1,16
12,91	1,16
12,91	1,16
12,91	1,17
12,92	1,17
12,93	1,17
12,93	1,17
12,94	1,17
12,95	1,17
12,95	1,17
12,96	1,18
12,96	1,18
12,97	1,18
12,98	1,18
12,98	1,18
12,99	1,18
12,99	1,18
13,00	1,19
13,00	1,19
13,01	1,19
13,02	1,19
13,02	1,19
13,03	1,19
13,03	1,19
13,04	1,19
13,04	1,19
13,05	1,19
13,06	1,20
13,06	1,20
13,07	1,20
13,07	1,20
13,08	1,20
13,08	1,20
13,09	1,20
13,09	1,20
13,10	1,20
13,10	1,20
13,11	1,20
13,11	1,21
13,12	1,21
13,13	1,21
13,14	1,21
13,14	1,21
13,15	1,21
13,16	1,21
13,17	1,21
13,17	1,21
13,17	1,21
13,18	1,21
13,18	1,21
13,19	1,21
13,19	1,21
13,20	1,21
13,20	1,21
13,20	1,21
13,21	1,21
13,21	1,21
13,22	1,21
13,23	1,21
13,23	1,21
13,24	1,21
13,24	1,21
13,24	1,21
13,25	1,21
13,26	1,21
13,26	1,21
13,27	1,21
13,28	1,21
13,28	1,21
13,29	1,21
13,29	1,21
13,30	1,21
13,30	1,21
13,31	1,21
13,31	1,21
13,32	1,21
13,32	1,21
13,33	1,21
13,34	1,21
13,34	1,21
13,35	1,21
13,35	1,21
13,36	1,21
13,36	1,21
13,37	1,21
13,37	1,21
13,38	1,21
13,38	1,21
13,39	1,21
13,39	1,21
13,40	1,21
13,40	1,21
13,41	1,21
13,41	1,21
13,42	1,21
13,43	1,21
13,44	1,21
13,44	1,21
13,45	1,21
13,45	1,21
13,45	1,21
13,46	1,21
13,47	1,21
13,47	1,21
13,47	1,21
13,48	1,21
13,48	1,21
13,49	1,21
13,49	1,20
13,50	1,20
13,50	1,20
13,50	1,20
13,51	1,20
13,52	1,20
13,52	1,20
13,52	1,20
13,53	1,20
13,53	1,20
13,54	1,20
13,55	1,20
13,55	1,20
13,56	1,20
13,56	1,20
13,57	1,20
13,57	1,20
13,58	1,20
13,59	1,20
13,59	1,20
13,60	1,20
13,60	1,20
13,61	1,20
13,61	1,20
13,62	1,20
13,62	1,20
13,63	1,20
13,64	1,20
13,64	1,20
13,64	1,20
13,64	1,20
13,65	1,20
13,65	1,19
13,66	1,19
13,67	1,19
13,67	1,19
13,68	1,19
13,68	1,19
13,69	1,19
13,69	1,19
13,69	1,19
13,70	1,19
13,70	1,19
13,71	1,19
13,71	1,19
13,71	1,19
13,72	1,19
13,73	1,19
13,73	1,19
13,73	1,19
13,74	1,19
13,75	1,19
13,75	1,19
13,75	1,19
13,76	1,19
13,76	1,19
13,77	1,19
13,77	1,19
13,78	1,19
13,78	1,19
13,79	1,19
13,79	1,19
13,80	1,19
13,80	1,19
13,81	1,19
13,81	1,19
13,82	1,18
13,82	1,18
13,83	1,18
13,83	1,18
13,84	1,18
13,85	1,18
13,85	1,18
13,85	1,18
13,86	1,18
13,86	1,18
13,87	1,18
13,87	1,18
13,88	1,18
13,88	1,18
13,88	1,18
13,89	1,18
13,89	1,18
13,90	1,18
13,90	1,18
13,91	1,18
13,91	1,18
13,92	1,18
13,92	1,18
13,93	1,18
13,93	1,18
13,94	1,18
13,94	1,18
13,94	1,18
13,95	1,18
13,95	1,18
13,96	1,18
13,96	1,18
13,96	1,18
13,97	1,18
13,97	1,18
13,98	1,18
13,99	1,18
13,99	1,18
14,00	1,18
14,00	1,18
14,01	1,18
14,01	1,19
14,02	1,19
14,02	1,19
14,02	1,19
14,03	1,19
14,03	1,19
14,04	1,19
14,04	1,19
14,05	1,19
14,05	1,19
14,06	1,19
14,06	1,19
14,06	1,19
14,07	1,19
14,07	1,19
14,08	1,19
14,08	1,19
14,09	1,19
14,09	1,19
14,09	1,19
14,10	1,19
14,10	1,19
14,11	1,19
14,11	1,19
14,11	1,19
14,12	1,19
14,13	1,20
14,13	1,20
14,14	1,20
14,14	1,20
14,15	1,20
14,15	1,20
14,16	1,20
14,16	1,20
14,17	1,20
14,17	1,20
14,18	1,20
14,18	1,20
14,18	1,20
14,19	1,20
14,19	1,20
14,20	1,20
14,20	1,21
14,20	1,21
14,21	1,21
14,21	1,21
14,22	1,21
14,22	1,21
14,23	1,21
14,23	1,21
14,23	1,21
14,24	1,21
14,24	1,21
14,25	1,21
14,25	1,21
14,26	1,22
14,26	1,22
14,26	1,22
14,27	1,22
14,27	1,22
14,28	1,22
14,28	1,22
14,28	1,22
14,29	1,22
14,30	1,23
14,30	1,23
14,30	1,23
14,31	1,23
14,31	1,23
14,32	1,23
14,32	1,23
14,32	1,23
14,33	1,23
14,33	1,23
14,33	1,23
14,34	1,24
14,34	1,24
14,34	1,24
14,35	1,24
14,35	1,24
14,36	1,24
14,36	1,24
14,37	1,24
14,37	1,25
14,38	1,25
14,38	1,25
14,39	1,25
14,39	1,25
14,40	1,25
14,40	1,25
14,41	1,25
14,41	1,26
14,41	1,26
14,42	1,26
14,42	1,26
14,43	1,26
14,43	1,26
14,43	1,26
14,44	1,27
14,44	1,27
14,44	1,27
14,45	1,27
14,45	1,27
14,46	1,27
14,46	1,28
14,46	1,28
14,47	1,28
14,47	1,28
14,48	1,28
14,48	1,28
14,48	1,28
14,49	1,29
14,49	1,29
14,50	1,29
14,50	1,29
14,51	1,29
14,51	1,29
14,52	1,29
14,52	1,30
14,53	1,30
14,53	1,30
14,53	1,30
14,53	1,30
14,53	1,31
14,54	1,31
14,54	1,31
14,54	1,31
14,55	1,31
14,55	1,31
14,55	1,32
14,56	1,32
14,56	1,32
14,57	1,32
14,57	1,32
14,58	1,33
14,58	1,33
14,59	1,33
14,59	1,33
14,60	1,33
14,60	1,34
14,60	1,34
14,61	1,34
14,61	1,34
14,62	1,34
14,62	1,35
14,63	1,35
14,63	1,35
14,63	1,35
14,64	1,35
14,64	1,36
14,65	1,36
14,65	1,36
14,65	1,36
14,66	1,36
14,66	1,37
14,67	1,37
14,67	1,37
14,67	1,37
14,68	1,37
14,68	1,38
14,69	1,38
14,69	1,38
14,69	1,38
14,70	1,39
14,70	1,39
14,70	1,39
14,70	1,39
14,71	1,39
14,71	1,40
14,72	1,40
14,72	1,40
14,72	1,40
14,73	1,41
14,73	1,41
14,74	1,41
14,74	1,41
14,74	1,42
14,75	1,42
14,75	1,42
14,76	1,42
14,76	1,42
14,76	1,43
14,77	1,43
14,77	1,43
14,78	1,44
14,78	1,44
14,79	1,44
14,79	1,44
14,79	1,45
14,80	1,45
14,80	1,45
14,81	1,45
14,81	1,46
14,82	1,46
14,82	1,46
14,82	1,46
14,82	1,46
14,83	1,47
14,83	1,47
14,84	1,47
14,84	1,47
14,84	1,48
14,85	1,48
14,85	1,48
14,85	1,49
14,86	1,49
14,86	1,49
14,86	1,49
14,87	1,50
14,87	1,50
14,88	1,50
14,88	1,51
14,88	1,51
14,89	1,51
14,89	1,52
14,89	1,52
14,90	1,52
14,90	1,52
14,90	1,53
14,91	1,53
14,91	1,53
14,92	1,53
14,92	1,54
14,92	1,54
14,93	1,54
14,93	1,54
14,94	1,55
14,94	1,55
14,94	1,55
14,95	1,56
14,95	1,56
14,95	1,56
14,95	1,56
14,96	1,57
14,96	1,57
14,97	1,57
14,97	1,57
14,97	1,58
14,98	1,58
14,98	1,58
14,98	1,59
14,99	1,59
14,99	1,59
14,99	1,59
15,00	1,60
15,00	1,60
15,00	1,60
15,01	1,61
15,01	1,61
15,02	1,61
15,02	1,61
15,02	1,62
15,03	1,62
15,03	1,62
15,03	1,63
15,04	1,63
15,04	1,63
15,05	1,63
15,05	1,64
15,05	1,64
15,06	1,64
15,06	1,65
15,06	1,65
15,07	1,65
15,07	1,66
15,07	1,66
15,08	1,66
15,08	1,66
15,09	1,67
15,09	1,67
15,09	1,67
15,10	1,67
15,10	1,68
15,11	1,68
15,11	1,68
15,11	1,69
15,12	1,69
15,12	1,69
15,12	1,69
15,13	1,70
15,13	1,70
15,13	1,70
15,14	1,71
15,14	1,71
15,14	1,71
15,15	1,71
15,15	1,72
15,15	1,72
15,16	1,72
15,16	1,73
15,16	1,73
15,17	1,73
15,17	1,73
15,18	1,74
15,18	1,74
15,18	1,74
15,18	1,75
15,19	1,75
15,19	1,75
15,19	1,75
15,19	1,76
15,19	1,76
15,20	1,76
15,20	1,76
15,21	1,77
15,21	1,77
15,21	1,77
15,22	1,78
15,22	1,78
15,23	1,78
15,23	1,78
15,23	1,79
15,24	1,79
15,24	1,79
15,24	1,79
15,24	1,80
15,25	1,80
15,25	1,80
15,26	1,81
15,26	1,81
15,26	1,81
15,26	1,81
15,27	1,82
15,27	1,82
15,27	1,82
15,28	1,82
15,28	1,83
15,28	1,83
15,29	1,83
15,29	1,83
15,29	1,84
15,30	1,84
15,30	1,84
15,30	1,84
15,30	1,85
15,31	1,85
15,31	1,85
15,32	1,85
15,32	1,86
15,32	1,86
15,33	1,86
15,33	1,86
15,33	1,87
15,33	1,87
15,34	1,87
15,34	1,87
15,34	1,88
15,35	1,88
15,35	1,88
15,35	1,88
15,36	1,89
15,36	1,89
15,36	1,89
15,37	1,89
15,37	1,89
15,37	1,90
15,38	1,90
15,38	1,90
15,38	1,90
15,38	1,91
15,39	1,91
15,39	1,91
15,39	1,91
15,40	1,91
15,40	1,92
15,40	1,92
15,41	1,92
15,41	1,92
15,41	1,93
15,42	1,93
15,42	1,93
15,42	1,93
15,43	1,94
15,43	1,94
15,44	1,94
15,44	1,94
15,44	1,94
15,44	1,95
15,44	1,95
15,45	1,95
15,45	1,95
15,45	1,95
15,45	1,95
15,46	1,96
15,46	1,96
15,47	1,96
15,47	1,96
15,47	1,97
15,48	1,97
15,48	1,97
15,48	1,97
15,49	1,97
15,49	1,97
15,49	1,98
15,49	1,98
15,50	1,98
15,50	1,98
15,50	1,98
15,51	1,98
15,51	1,99
15,51	1,99
15,52	1,99
15,52	1,99
15,52	1,99
15,52	1,99
15,53	2,00
15,53	2,00
15,54	2,00
15,54	2,00
15,54	2,00
15,54	2,01
15,54	2,01
15,55	2,01
15,55	2,01
15,55	2,01
15,56	2,01
15,56	2,01
15,56	2,02
15,57	2,02
15,57	2,02
15,57	2,02
15,58	2,02
15,58	2,02
15,58	2,03
15,59	2,03
15,59	2,03
15,59	2,03
15,59	2,03
15,60	2,03
15,60	2,03
15,61	2,03
15,61	2,04
15,61	2,04
15,61	2,04
15,62	2,04
15,62	2,04
15,62	2,04
15,63	2,04
15,63	2,04
15,63	2,05
15,63	2,05
15,64	2,05
15,64	2,05
15,64	2,05
15,65	2,05
15,65	2,05
15,65	2,05
15,65	2,05
15,66	2,06
15,66	2,06
15,66	2,06
15,66	2,06
15,67	2,06
15,67	2,06
15,67	2,06
15,68	2,06
15,68	2,06
15,68	2,07
15,68	2,07
15,69	2,07
15,69	2,07
15,69	2,07
15,69	2,07
15,70	2,07
15,70	2,07
15,70	2,07
15,71	2,07
15,71	2,08
15,71	2,08
15,72	2,08
15,72	2,08
15,72	2,08
15,73	2,08
15,73	2,08
15,73	2,08
15,74	2,08
15,74	2,08
15,74	2,08
15,74	2,08
15,75	2,08
15,75	2,09
15,75	2,09
15,76	2,09
15,76	2,09
15,76	2,09
15,77	2,09
15,77	2,09
15,77	2,09
15,77	2,09
15,78	2,09
15,78	2,09
15,78	2,09
15,78	2,09
15,79	2,09
15,79	2,10
15,79	2,10
15,80	2,10
15,80	2,10
15,81	2,10
15,81	2,10
15,81	2,10
15,81	2,10
15,82	2,10
15,82	2,10
15,82	2,10
15,82	2,10
15,83	2,10
15,83	2,10
15,83	2,10
15,84	2,10
15,84	2,10
15,84	2,11
15,84	2,11
15,85	2,11
15,85	2,11
15,85	2,11
15,86	2,11
15,86	2,11
15,86	2,11
15,87	2,11
15,87	2,11
15,87	2,11
15,87	2,11
15,88	2,11
15,88	2,11
15,88	2,11
15,89	2,11
15,89	2,11
15,89	2,11
15,90	2,11
15,90	2,11
15,90	2,11
15,91	2,11
15,91	2,11
15,91	2,11
15,91	2,11
15,92	2,11
15,92	2,11
15,92	2,11
15,92	2,11
15,93	2,11
15,93	2,11
15,93	2,11
15,93	2,11
15,94	2,11
15,94	2,11
15,94	2,11
15,94	2,11
15,95	2,11
15,95	2,11
15,95	2,11
15,96	2,11
15,96	2,11
15,96	2,11
15,97	2,11
15,97	2,11
15,97	2,11
15,98	2,11
15,98	2,11
15,98	2,11
15,98	2,11
15,99	2,11
15,99	2,11
15,99	2,11
16,00	2,11
16,00	2,11
16,00	2,11
16,00	2,11
16,01	2,11
16,01	2,11
16,01	2,11
16,01	2,11
16,02	2,11
16,02	2,11
16,02	2,11
16,02	2,11
16,02	2,11
16,03	2,11
16,03	2,11
16,03	2,11
16,04	2,11
16,04	2,11
16,04	2,11
16,04	2,11
16,05	2,11
16,05	2,11
16,05	2,11
16,06	2,11
16,06	2,11
16,06	2,11
16,06	2,11
16,07	2,11
16,07	2,11
16,07	2,11
16,07	2,11
16,08	2,11
16,08	2,11
16,08	2,11
16,09	2,11
16,09	2,11
16,09	2,11
16,10	2,11
16,10	2,11
16,10	2,11
16,11	2,11
16,11	2,11
16,11	2,11
16,11	2,11
16,12	2,11
16,12	2,11
16,12	2,11
16,12	2,11
16,12	2,11
16,13	2,11
16,13	2,11
16,13	2,11
16,13	2,11
16,14	2,11
16,14	2,11
16,14	2,11
16,14	2,11
16,15	2,11
16,15	2,11
16,15	2,11
16,16	2,11
16,16	2,11
16,16	2,11
16,16	2,11
16,16	2,11
16,17	2,11
16,17	2,11
16,17	2,11
16,18	2,11
16,18	2,11
16,18	2,11
16,19	2,11
16,19	2,11
16,20	2,11
16,20	2,10
16,20	2,10
16,20	2,10
16,20	2,10
16,21	2,10
16,21	2,10
16,21	2,10
16,22	2,10
16,22	2,10
16,23	2,10
16,23	2,10
16,23	2,10
16,23	2,10
16,24	2,10
16,24	2,10
16,24	2,10
16,24	2,10
16,25	2,10
16,25	2,10
16,25	2,10
16,25	2,10
16,26	2,10
16,26	2,10
16,26	2,10
16,27	2,10
16,27	2,10
16,27	2,10
16,27	2,10
16,27	2,10
16,28	2,10
16,28	2,10
16,29	2,09
16,29	2,09
16,30	2,09
16,30	2,09
16,30	2,09
16,30	2,09
16,31	2,09
16,31	2,09
16,31	2,09
16,32	2,09
16,32	2,09
16,32	2,09
16,32	2,09
16,33	2,09
16,33	2,09
16,33	2,09
16,33	2,09
16,34	2,09
16,34	2,09
16,34	2,09
16,35	2,09
16,35	2,09
16,35	2,09
16,35	2,09
16,35	2,09
16,36	2,08
16,36	2,08
16,36	2,08
16,36	2,08
16,37	2,08
16,37	2,08
16,37	2,08
16,38	2,08
16,38	2,08
16,38	2,08
16,39	2,08
16,39	2,08
16,39	2,08
16,39	2,08
16,39	2,08
16,40	2,08
16,40	2,08
16,40	2,08
16,41	2,08
16,41	2,08
16,41	2,08
16,41	2,08
16,42	2,08
16,42	2,08
16,42	2,08
16,42	2,08
16,42	2,08
16,43	2,08
16,43	2,08
16,43	2,08
16,43	2,08
16,43	2,08
16,44	2,08
16,44	2,08
16,44	2,08
16,44	2,08
16,45	2,08
16,45	2,08
16,45	2,07
16,45	2,08
16,46	2,08
16,46	2,07
16,46	2,07
16,46	2,07
16,46	2,07
16,47	2,07
16,47	2,07
16,47	2,07
16,47	2,07
16,48	2,07
16,48	2,07
16,48	2,07
16,48	2,07
16,49	2,07
16,49	2,07
16,49	2,07
16,49	2,07
16,50	2,07
16,50	2,07
16,50	2,07
16,50	2,07
16,51	2,07
16,51	2,07
16,51	2,07
16,51	2,07
16,52	2,07
16,52	2,07
16,52	2,07
16,52	2,07
16,52	2,07
16,53	2,07
16,53	2,07
16,53	2,07
16,53	2,07
16,54	2,07
16,54	2,07
16,54	2,06
16,55	2,06
16,55	2,06
16,56	2,06
16,56	2,06
16,56	2,06
16,57	2,06
16,57	2,06
16,57	2,06
16,57	2,06
16,58	2,06
16,58	2,06
16,58	2,06
16,58	2,06
16,58	2,06
16,59	2,06
16,59	2,06
16,59	2,06
16,59	2,06
16,60	2,06
16,60	2,06
16,60	2,06
16,61	2,06
16,61	2,06
16,61	2,06
16,62	2,06
16,62	2,06
16,62	2,06
16,62	2,06
16,63	2,06
16,63	2,06
16,64	2,06
16,64	2,06
16,64	2,06
16,64	2,06
16,65	2,06
16,65	2,06
16,65	2,06
16,65	2,06
16,66	2,06
16,66	2,06
16,66	2,06
16,66	2,06
16,66	2,06
16,67	2,06
16,67	2,06
16,67	2,06
16,67	2,06
16,68	2,06
16,68	2,06
16,68	2,06
16,68	2,06
16,68	2,06
16,69	2,06
16,69	2,06
16,69	2,06
16,69	2,06
16,69	2,06
16,70	2,06
16,70	2,06
16,70	2,06
16,70	2,06
16,71	2,06
16,71	2,06
16,71	2,06
16,71	2,06
16,72	2,06
16,72	2,06
16,72	2,06
16,72	2,06
16,72	2,06
16,73	2,06
16,73	2,06
16,73	2,06
16,73	2,06
16,73	2,06
16,73	2,06
16,74	2,06
16,74	2,06
16,74	2,06
16,74	2,06
16,74	2,06
16,75	2,06
16,75	2,06
16,75	2,06
16,75	2,06
16,75	2,06
16,75	2,06
16,76	2,06
16,76	2,06
16,76	2,06
16,77	2,06
16,77	2,07
16,77	2,07
16,77	2,07
16,77	2,07
16,77	2,07
16,77	2,07
16,78	2,07
16,78	2,07
16,78	2,07
16,78	2,07
16,78	2,07
16,79	2,08
16,79	2,08
16,79	2,08
16,79	2,08
16,80	2,08
16,80	2,08
16,80	2,08
16,80	2,08
16,80	2,09
16,81	2,09
16,81	2,09
16,81	2,09
16,81	2,10
16,82	2,10
16,82	2,10
16,82	2,10
16,82	2,11
16,82	2,11
16,83	2,11
16,83	2,11
16,83	2,11
16,83	2,12
16,83	2,12
16,84	2,12
16,84	2,13
16,84	2,13
16,84	2,13
16,84	2,13
16,84	2,14
16,85	2,14
16,85	2,14
16,85	2,15
16,85	2,15
16,86	2,15
16,86	2,16
16,86	2,16
16,86	2,16
16,86	2,17
16,87	2,18
16,87	2,18
16,87	2,19
16,87	2,19
16,87	2,19
16,87	2,20
16,88	2,20
16,88	2,20
16,88	2,21
16,88	2,21
16,89	2,21
16,89	2,21
16,89	2,22
16,89	2,22
16,89	2,22
16,90	2,23
16,90	2,24
16,90	2,24
16,90	2,25
16,91	2,25
16,91	2,25
16,91	2,26
16,91	2,26
16,92	2,27
16,92	2,27
16,92	2,27
16,92	2,27
16,92	2,28
16,92	2,28
16,93	2,29
16,93	2,29
16,93	2,29
16,93	2,30
16,93	2,30
16,93	2,30
16,94	2,31
16,94	2,31
16,94	2,31
16,94	2,31
16,94	2,32
16,95	2,32
16,95	2,32
16,95	2,33
16,95	2,33
16,95	2,34
16,95	2,34
16,96	2,34
16,96	2,35
16,96	2,35
16,96	2,35
16,97	2,35
16,97	2,36
16,97	2,36
16,97	2,36
16,97	2,37
16,97	2,37
16,98	2,37
16,98	2,37
16,98	2,38
16,98	2,38
16,98	2,38
16,98	2,39
16,98	2,39
16,99	2,39
16,99	2,40
16,99	2,40
16,99	2,40
16,99	2,40
17,00	2,41
17,00	2,41
17,00	2,41
17,00	2,41
17,00	2,42
17,01	2,42
17,01	2,42
17,01	2,43
17,01	2,43
17,01	2,43
17,01	2,44
17,02	2,44
17,02	2,44
17,02	2,44
17,02	2,45
17,02	2,45
17,02	2,45
17,03	2,45
17,03	2,46
17,03	2,46
17,03	2,46
17,03	2,46
17,04	2,46
17,04	2,47
17,04	2,47
17,04	2,47
17,04	2,47
17,04	2,48
17,05	2,48
17,05	2,48
17,05	2,48
17,05	2,49
17,05	2,49
17,06	2,49
17,06	2,50
17,06	2,50
17,06	2,50
17,06	2,50
17,07	2,51
17,07	2,51
17,07	2,51
17,07	2,51
17,07	2,52
17,08	2,52
17,08	2,52
17,08	2,52
17,08	2,52
17,08	2,53
17,08	2,53
17,08	2,53
17,09	2,53
17,09	2,53
17,09	2,54
17,09	2,54
17,09	2,54
17,09	2,54
17,10	2,54
17,10	2,54
17,10	2,55
17,10	2,55
17,11	2,55
17,11	2,55
17,11	2,55
17,11	2,56
17,11	2,56
17,11	2,56
17,11	2,57
17,12	2,57
17,12	2,57
17,12	2,57
17,12	2,58
17,12	2,58
17,12	2,58
17,13	2,58
17,13	2,58
17,13	2,58
17,13	2,59
17,13	2,59
17,14	2,59
17,14	2,59
17,14	2,59
17,14	2,60
17,14	2,60
17,15	2,60
17,15	2,60
17,15	2,61
17,15	2,61
17,15	2,61
17,16	2,61
17,16	2,61
17,16	2,62
17,16	2,62
17,16	2,62
17,16	2,62
17,16	2,63
17,17	2,63
17,17	2,63
17,17	2,63
17,17	2,63
17,17	2,63
17,18	2,63
17,18	2,63
17,18	2,64
17,18	2,64
17,18	2,64
17,19	2,64
17,19	2,64
17,19	2,64
17,19	2,64
17,19	2,65
17,19	2,65
17,19	2,65
17,20	2,66
17,20	2,66
17,20	2,66
17,20	2,66
17,20	2,66
17,20	2,66
17,21	2,66
17,21	2,67
17,21	2,67
17,21	2,67
17,21	2,67
17,22	2,67
17,22	2,68
17,22	2,68
17,22	2,68
17,22	2,68
17,22	2,68
17,23	2,68
17,23	2,68
17,23	2,69
17,23	2,69
17,23	2,69
17,23	2,70
17,24	2,70
17,24	2,70
17,24	2,70
17,24	2,70
17,24	2,71
17,24	2,71
17,25	2,71
17,25	2,71
17,25	2,71
17,25	2,71
17,25	2,72
17,25	2,72
17,26	2,72
17,26	2,72
17,26	2,72
17,26	2,73
17,26	2,73
17,26	2,73
17,27	2,73
17,27	2,73
17,27	2,73
17,27	2,73
17,27	2,74
17,28	2,74
17,28	2,74
17,28	2,74
17,28	2,75
17,28	2,75
17,28	2,75
17,29	2,75
17,29	2,75
17,29	2,76
17,29	2,76
17,29	2,76
17,30	2,76
17,30	2,76
17,30	2,77
17,30	2,77
17,30	2,77
17,31	2,78
17,31	2,78
17,31	2,78
17,31	2,78
17,32	2,79
17,32	2,79
17,32	2,79
17,32	2,80
17,32	2,80
17,32	2,80
17,33	2,80
17,33	2,81
17,33	2,81
17,33	2,81
17,33	2,81
17,34	2,81
17,34	2,81
17,34	2,81
17,34	2,82
17,34	2,82
