Tensão U2	Tensão U1
U2/V	U1/V

0,23	0,22
0,24	0,22
0,26	0,22
0,27	0,22
0,29	0,22
0,30	0,22
0,31	0,22
0,33	0,22
0,35	0,23
0,36	0,23
0,38	0,23
0,39	0,23
0,41	0,23
0,43	0,23
0,44	0,23
0,46	0,23
0,47	0,23
0,49	0,23
0,50	0,23
0,52	0,23
0,53	0,23
0,55	0,23
0,56	0,23
0,57	0,23
0,59	0,23
0,60	0,23
0,62	0,24
0,63	0,24
0,65	0,24
0,66	0,24
0,68	0,24
0,69	0,24
0,71	0,24
0,72	0,24
0,74	0,24
0,76	0,24
0,77	0,24
0,79	0,24
0,80	0,24
0,82	0,25
0,83	0,25
0,85	0,25
0,86	0,25
0,87	0,25
0,89	0,25
0,90	0,25
0,92	0,25
0,93	0,25
0,95	0,26
0,96	0,26
0,97	0,26
0,99	0,26
1,00	0,26
1,02	0,26
1,03	0,26
1,04	0,27
1,06	0,27
1,07	0,27
1,08	0,27
1,10	0,27
1,11	0,27
1,13	0,28
1,14	0,28
1,16	0,28
1,17	0,28
1,19	0,28
1,20	0,29
1,22	0,29
1,23	0,29
1,25	0,29
1,25	0,29
1,27	0,30
1,28	0,30
1,30	0,30
1,31	0,30
1,32	0,31
1,34	0,31
1,35	0,31
1,36	0,32
1,38	0,32
1,39	0,32
1,41	0,32
1,42	0,33
1,43	0,33
1,45	0,33
1,47	0,33
1,48	0,34
1,50	0,34
1,51	0,34
1,53	0,35
1,53	0,35
1,55	0,35
1,57	0,36
1,58	0,36
1,59	0,37
1,61	0,37
1,62	0,37
1,63	0,38
1,64	0,38
1,66	0,39
1,68	0,39
1,69	0,39
1,71	0,40
1,72	0,40
1,74	0,41
1,75	0,41
1,76	0,41
1,77	0,42
1,79	0,42
1,80	0,43
1,82	0,43
1,83	0,43
1,84	0,44
1,86	0,44
1,87	0,45
1,88	0,45
1,90	0,46
1,91	0,46
1,92	0,47
1,93	0,47
1,94	0,47
1,95	0,48
1,97	0,48
1,98	0,49
1,99	0,49
2,00	0,50
2,01	0,50
2,03	0,51
2,04	0,51
2,06	0,52
2,07	0,52
2,09	0,52
2,10	0,53
2,12	0,53
2,13	0,54
2,14	0,54
2,16	0,54
2,17	0,55
2,18	0,55
2,19	0,56
2,21	0,56
2,22	0,56
2,23	0,57
2,24	0,57
2,25	0,58
2,27	0,58
2,27	0,58
2,29	0,59
2,30	0,59
2,32	0,59
2,33	0,60
2,34	0,60
2,36	0,60
2,37	0,61
2,38	0,61
2,40	0,61
2,41	0,62
2,42	0,62
2,44	0,62
2,45	0,63
2,46	0,63
2,47	0,63
2,49	0,63
2,50	0,64
2,51	0,64
2,53	0,64
2,54	0,65
2,56	0,65
2,57	0,65
2,58	0,65
2,59	0,66
2,60	0,66
2,61	0,66
2,63	0,66
2,64	0,66
2,65	0,67
2,66	0,67
2,67	0,67
2,68	0,67
2,70	0,68
2,71	0,68
2,72	0,68
2,74	0,68
2,75	0,68
2,76	0,68
2,77	0,69
2,78	0,69
2,79	0,69
2,81	0,69
2,82	0,69
2,84	0,69
2,85	0,70
2,86	0,70
2,87	0,70
2,88	0,70
2,90	0,70
2,91	0,70
2,92	0,71
2,93	0,71
2,94	0,71
2,96	0,71
2,97	0,71
2,98	0,71
2,99	0,72
3,01	0,72
3,02	0,72
3,03	0,72
3,04	0,72
3,05	0,72
3,07	0,72
3,08	0,72
3,09	0,73
3,10	0,73
3,11	0,73
3,12	0,73
3,14	0,73
3,15	0,73
3,16	0,74
3,17	0,74
3,18	0,74
3,20	0,74
3,21	0,74
3,22	0,74
3,23	0,75
3,24	0,75
3,25	0,75
3,27	0,75
3,28	0,75
3,29	0,75
3,30	0,76
3,31	0,76
3,32	0,76
3,33	0,76
3,35	0,76
3,36	0,77
3,37	0,77
3,38	0,77
3,39	0,77
3,40	0,77
3,42	0,78
3,43	0,78
3,44	0,78
3,45	0,78
3,46	0,79
3,48	0,79
3,49	0,79
3,50	0,79
3,51	0,80
3,52	0,80
3,53	0,80
3,54	0,81
3,56	0,81
3,57	0,81
3,58	0,82
3,59	0,82
3,60	0,82
3,61	0,83
3,62	0,83
3,64	0,83
3,65	0,84
3,66	0,84
3,67	0,84
3,68	0,85
3,69	0,85
3,70	0,86
3,72	0,86
3,73	0,86
3,74	0,87
3,75	0,87
3,76	0,88
3,77	0,88
3,79	0,89
3,80	0,89
3,81	0,89
3,82	0,90
3,83	0,90
3,84	0,91
3,85	0,92
3,86	0,92
3,88	0,93
3,89	0,93
3,90	0,94
3,91	0,94
3,92	0,95
3,93	0,96
3,94	0,96
3,95	0,97
3,96	0,97
3,97	0,98
3,98	0,99
3,99	0,99
4,00	1,00
4,01	1,01
4,02	1,02
4,03	1,02
4,04	1,03
4,05	1,04
4,06	1,05
4,07	1,05
4,08	1,06
4,09	1,07
4,11	1,08
4,12	1,08
4,13	1,09
4,14	1,10
4,15	1,11
4,16	1,12
4,17	1,12
4,18	1,13
4,19	1,14
4,20	1,15
4,21	1,16
4,22	1,17
4,23	1,18
4,25	1,19
4,26	1,20
4,27	1,21
4,28	1,21
4,29	1,22
4,30	1,23
4,31	1,24
4,32	1,25
4,34	1,26
4,35	1,27
4,36	1,28
4,37	1,29
4,38	1,30
4,39	1,31
4,40	1,32
4,41	1,33
4,42	1,34
4,43	1,35
4,44	1,36
4,45	1,37
4,46	1,38
4,47	1,39
4,48	1,40
4,49	1,40
4,50	1,41
4,51	1,42
4,52	1,43
4,53	1,44
4,54	1,45
4,55	1,46
4,56	1,47
4,57	1,48
4,58	1,49
4,59	1,49
4,61	1,50
4,62	1,51
4,63	1,52
4,64	1,53
4,65	1,54
4,66	1,55
4,67	1,55
4,68	1,56
4,69	1,57
4,70	1,58
4,71	1,58
4,72	1,59
4,73	1,60
4,74	1,61
4,75	1,61
4,76	1,62
4,77	1,63
4,78	1,63
4,79	1,64
4,80	1,64
4,81	1,65
4,82	1,66
4,82	1,66
4,83	1,67
4,84	1,67
4,85	1,68
4,86	1,69
4,87	1,69
4,88	1,70
4,89	1,70
4,90	1,71
4,91	1,71
4,92	1,71
4,93	1,72
4,94	1,72
4,95	1,73
4,96	1,73
4,97	1,74
4,98	1,74
4,99	1,74
5,00	1,75
5,01	1,75
5,02	1,75
5,03	1,75
5,04	1,76
5,05	1,76
5,06	1,76
5,07	1,77
5,08	1,77
5,09	1,77
5,09	1,77
5,10	1,78
5,11	1,78
5,12	1,78
5,13	1,78
5,14	1,78
5,15	1,79
5,16	1,79
5,17	1,79
5,18	1,79
5,19	1,79
5,20	1,79
5,21	1,79
5,22	1,79
5,23	1,79
5,24	1,80
5,25	1,80
5,26	1,80
5,27	1,80
5,28	1,80
5,29	1,80
5,30	1,80
5,31	1,80
5,32	1,80
5,32	1,80
5,34	1,80
5,34	1,80
5,35	1,80
5,36	1,80
5,37	1,80
5,39	1,80
5,39	1,80
5,40	1,80
5,41	1,80
5,42	1,80
5,43	1,80
5,44	1,80
5,45	1,80
5,46	1,80
5,47	1,80
5,47	1,80
5,48	1,80
5,49	1,80
5,50	1,80
5,51	1,80
5,52	1,80
5,53	1,80
5,54	1,80
5,55	1,80
5,56	1,80
5,57	1,80
5,58	1,80
5,58	1,80
5,59	1,80
5,60	1,80
5,61	1,80
5,62	1,80
5,63	1,80
5,63	1,80
5,64	1,80
5,65	1,80
5,66	1,80
5,67	1,80
5,68	1,80
5,69	1,80
5,70	1,80
5,71	1,80
5,72	1,80
5,72	1,80
5,73	1,80
5,74	1,80
5,75	1,80
5,76	1,80
5,77	1,80
5,78	1,80
5,79	1,81
5,80	1,81
5,81	1,81
5,82	1,81
5,83	1,81
5,84	1,81
5,84	1,81
5,85	1,81
5,86	1,81
5,87	1,81
5,88	1,81
5,89	1,81
5,90	1,82
5,91	1,82
5,92	1,82
5,92	1,82
5,93	1,82
5,94	1,83
5,95	1,83
5,95	1,83
5,96	1,83
5,97	1,83
5,98	1,84
5,99	1,84
6,00	1,84
6,01	1,84
6,01	1,84
6,02	1,85
6,03	1,85
6,04	1,85
6,05	1,85
6,06	1,86
6,07	1,86
6,07	1,86
6,08	1,87
6,09	1,87
6,10	1,87
6,11	1,88
6,12	1,88
6,13	1,88
6,14	1,89
6,14	1,89
6,15	1,90
6,16	1,90
6,17	1,91
6,18	1,91
6,18	1,91
6,19	1,92
6,20	1,92
6,21	1,93
6,22	1,93
6,22	1,94
6,23	1,94
6,24	1,95
6,25	1,95
6,26	1,96
6,27	1,96
6,28	1,97
6,29	1,98
6,30	1,98
6,30	1,99
6,31	1,99
6,32	2,00
6,33	2,01
6,34	2,01
6,35	2,02
6,35	2,03
6,36	2,03
6,37	2,04
6,38	2,05
6,38	2,05
6,39	2,06
6,40	2,07
6,41	2,08
6,42	2,09
6,42	2,09
6,43	2,10
6,44	2,11
6,45	2,12
6,46	2,13
6,47	2,13
6,47	2,14
6,48	2,15
6,49	2,16
6,50	2,17
6,51	2,18
6,51	2,19
6,52	2,20
6,53	2,21
6,54	2,21
6,54	2,22
6,55	2,23
6,56	2,24
6,57	2,25
6,58	2,26
6,59	2,27
6,59	2,28
6,60	2,29
6,61	2,31
6,62	2,32
6,63	2,33
6,63	2,34
6,64	2,35
6,65	2,36
6,66	2,37
6,66	2,38
6,67	2,39
6,68	2,41
6,69	2,42
6,70	2,43
6,70	2,44
6,71	2,45
6,72	2,47
6,73	2,48
6,74	2,49
6,74	2,50
6,75	2,52
6,76	2,53
6,77	2,54
6,77	2,56
6,78	2,57
6,79	2,58
6,80	2,60
6,80	2,61
6,81	2,62
6,82	2,64
6,83	2,65
6,83	2,66
6,84	2,68
6,85	2,69
6,86	2,71
6,87	2,72
6,87	2,73
6,88	2,75
6,89	2,76
6,89	2,78
6,90	2,79
6,91	2,81
6,92	2,82
6,93	2,83
6,93	2,85
6,94	2,86
6,95	2,88
6,96	2,89
6,96	2,91
6,97	2,92
6,98	2,93
6,99	2,95
7,00	2,96
7,00	2,98
7,01	2,99
7,02	3,00
7,03	3,02
7,03	3,03
7,04	3,05
7,05	3,06
7,05	3,07
7,06	3,09
7,07	3,10
7,07	3,12
7,08	3,13
7,09	3,14
7,10	3,16
7,10	3,17
7,11	3,18
7,12	3,19
7,13	3,21
7,14	3,22
7,14	3,23
7,15	3,24
7,16	3,26
7,16	3,27
7,17	3,28
7,18	3,29
7,18	3,31
7,19	3,32
7,20	3,33
7,21	3,34
7,22	3,35
7,22	3,36
7,23	3,37
7,24	3,39
7,25	3,40
7,25	3,41
7,26	3,42
7,27	3,43
7,27	3,44
7,28	3,45
7,29	3,46
7,29	3,47
7,30	3,47
7,30	3,48
7,31	3,49
7,32	3,50
7,33	3,51
7,34	3,52
7,34	3,52
7,35	3,53
7,36	3,54
7,37	3,55
7,37	3,56
7,38	3,56
7,39	3,57
7,40	3,58
7,40	3,58
7,41	3,59
7,42	3,60
7,43	3,60
7,43	3,61
7,44	3,61
7,44	3,62
7,45	3,62
7,46	3,63
7,46	3,63
7,47	3,64
7,48	3,64
7,49	3,65
7,49	3,65
7,50	3,66
7,50	3,66
7,51	3,66
7,52	3,67
7,53	3,67
7,53	3,68
7,54	3,68
7,55	3,68
7,55	3,68
7,56	3,69
7,57	3,69
7,57	3,69
7,58	3,69
7,59	3,70
7,59	3,70
7,60	3,70
7,61	3,70
7,61	3,70
7,62	3,70
7,63	3,71
7,64	3,71
7,64	3,71
7,65	3,71
7,65	3,71
7,66	3,71
7,67	3,71
7,67	3,71
7,68	3,71
7,69	3,71
7,69	3,71
7,70	3,71
7,71	3,71
7,71	3,71
7,72	3,71
7,73	3,71
7,74	3,71
7,74	3,71
7,75	3,71
7,76	3,71
7,76	3,71
7,77	3,71
7,78	3,71
7,78	3,70
7,79	3,70
7,79	3,70
7,80	3,70
7,80	3,70
7,81	3,70
7,82	3,70
7,83	3,70
7,83	3,70
7,84	3,69
7,84	3,69
7,85	3,69
7,86	3,69
7,87	3,69
7,87	3,69
7,88	3,68
7,88	3,68
7,89	3,68
7,90	3,68
7,90	3,68
7,91	3,67
7,92	3,67
7,92	3,67
7,93	3,67
7,94	3,66
7,94	3,66
7,95	3,66
7,96	3,66
7,96	3,66
7,97	3,65
7,98	3,65
7,98	3,65
7,99	3,65
8,00	3,65
8,00	3,64
8,01	3,64
8,02	3,64
8,02	3,64
8,03	3,63
8,03	3,63
8,04	3,63
8,04	3,63
8,05	3,63
8,06	3,62
8,06	3,62
8,07	3,62
8,08	3,62
8,08	3,61
8,09	3,61
8,10	3,61
8,10	3,61
8,11	3,61
8,12	3,60
8,13	3,60
8,13	3,60
8,14	3,60
8,15	3,59
8,15	3,59
8,16	3,59
8,16	3,59
8,17	3,59
8,17	3,58
8,18	3,58
8,18	3,58
8,19	3,58
8,19	3,58
8,20	3,58
8,20	3,57
8,21	3,57
8,22	3,57
8,22	3,57
8,23	3,57
8,24	3,57
8,24	3,56
8,25	3,56
8,26	3,56
8,26	3,56
8,27	3,56
8,28	3,56
8,28	3,56
8,29	3,56
8,29	3,55
8,30	3,55
8,31	3,55
8,31	3,55
8,32	3,55
8,32	3,55
8,33	3,55
8,34	3,55
8,34	3,55
8,35	3,55
8,35	3,55
8,36	3,55
8,37	3,55
8,37	3,55
8,38	3,55
8,38	3,55
8,39	3,55
8,39	3,55
8,40	3,55
8,41	3,55
8,41	3,55
8,42	3,55
8,42	3,55
8,43	3,55
8,44	3,55
8,44	3,55
8,45	3,55
8,45	3,55
8,46	3,55
8,46	3,55
8,47	3,55
8,48	3,56
8,48	3,56
8,49	3,56
8,49	3,56
8,50	3,56
8,51	3,56
8,51	3,56
8,52	3,57
8,53	3,57
8,53	3,57
8,54	3,57
8,54	3,57
8,55	3,57
8,55	3,58
8,56	3,58
8,57	3,58
8,57	3,58
8,58	3,58
8,58	3,59
8,59	3,59
8,60	3,59
8,60	3,59
8,61	3,60
8,61	3,60
8,62	3,60
8,62	3,61
8,63	3,61
8,63	3,61
8,64	3,62
8,64	3,62
8,65	3,62
8,65	3,63
8,66	3,63
8,66	3,63
8,67	3,64
8,67	3,64
8,68	3,64
8,69	3,65
8,69	3,65
8,70	3,66
8,70	3,66
8,71	3,67
8,72	3,67
8,72	3,67
8,73	3,68
8,73	3,68
8,74	3,69
8,74	3,69
8,75	3,70
8,75	3,70
8,76	3,71
8,77	3,71
8,77	3,72
8,78	3,73
8,79	3,73
8,79	3,74
8,79	3,74
8,80	3,75
8,81	3,75
8,81	3,76
8,82	3,76
8,82	3,77
8,83	3,78
8,83	3,78
8,84	3,79
8,84	3,79
8,85	3,80
8,86	3,81
8,86	3,81
8,87	3,82
8,87	3,83
8,88	3,83
8,88	3,84
8,89	3,85
8,90	3,86
8,90	3,86
8,91	3,87
8,91	3,88
8,92	3,88
8,92	3,89
8,93	3,90
8,93	3,91
8,94	3,91
8,94	3,92
8,95	3,93
8,95	3,94
8,96	3,95
8,96	3,95
8,97	3,96
8,98	3,97
8,98	3,98
8,99	3,99
8,99	4,00
9,00	4,01
9,00	4,01
9,01	4,02
9,01	4,03
9,02	4,04
9,02	4,05
9,03	4,06
9,03	4,07
9,04	4,08
9,04	4,09
9,05	4,10
9,05	4,11
9,06	4,12
9,07	4,13
9,07	4,14
9,07	4,15
9,08	4,16
9,08	4,17
9,09	4,18
9,09	4,19
9,10	4,20
9,10	4,21
9,11	4,22
9,11	4,23
9,12	4,24
9,12	4,25
9,13	4,26
9,14	4,27
9,14	4,28
9,14	4,29
9,15	4,31
9,15	4,32
9,16	4,33
9,16	4,34
9,16	4,35
9,17	4,36
9,17	4,37
9,18	4,39
9,19	4,40
9,19	4,41
9,20	4,42
9,20	4,43
9,21	4,45
9,21	4,46
9,22	4,47
9,22	4,48
9,23	4,49
9,24	4,51
9,24	4,52
9,24	4,54
9,25	4,56
9,25	4,57
9,26	4,58
9,26	4,59
9,27	4,61
9,28	4,62
9,28	4,63
9,28	4,65
9,29	4,66
9,30	4,67
9,30	4,69
9,31	4,70
9,31	4,71
9,32	4,73
9,33	4,74
9,33	4,75
9,33	4,77
9,34	4,78
9,35	4,80
9,36	4,81
9,36	4,82
9,36	4,84
9,36	4,85
9,37	4,87
9,37	4,88
9,38	4,90
9,39	4,91
9,39	4,94
9,40	4,95
9,40	4,97
9,41	4,98
9,42	5,00
9,43	5,01
9,44	5,03
9,44	5,04
9,45	5,05
9,45	5,07
9,46	5,08
9,46	5,10
9,47	5,13
9,47	5,14
9,47	5,16
9,48	5,17
9,48	5,19
9,49	5,22
9,49	5,23
9,49	5,25
9,50	5,26
9,50	5,28
9,51	5,29
9,51	5,31
9,52	5,33
9,52	5,34
9,53	5,36
9,53	5,37
9,54	5,39
9,54	5,40
9,55	5,42
9,56	5,43
9,56	5,45
9,57	5,48
9,57	5,49
9,58	5,51
9,59	5,52
9,59	5,54
9,59	5,55
9,60	5,57
9,60	5,58
9,60	5,59
9,61	5,61
9,61	5,62
9,62	5,64
9,62	5,65
9,63	5,67
9,64	5,68
9,64	5,70
9,64	5,71
9,65	5,73
9,66	5,74
9,66	5,75
9,66	5,77
9,67	5,78
9,68	5,79
9,68	5,81
9,68	5,82
9,69	5,84
9,69	5,85
9,70	5,86
9,70	5,88
9,70	5,89
9,71	5,90
9,72	5,92
9,72	5,93
9,72	5,94
9,73	5,96
9,73	5,97
9,73	5,98
9,74	5,99
9,74	6,01
9,75	6,02
9,75	6,03
9,75	6,04
9,76	6,05
9,76	6,06
9,77	6,08
9,77	6,09
9,78	6,10
9,78	6,11
9,79	6,12
9,79	6,13
9,79	6,14
9,79	6,16
9,80	6,17
9,80	6,18
9,80	6,19
9,81	6,20
9,82	6,21
9,82	6,22
9,82	6,23
9,83	6,24
9,83	6,25
9,84	6,26
9,84	6,27
9,85	6,28
9,85	6,29
9,86	6,29
9,86	6,30
9,87	6,31
9,87	6,32
9,88	6,33
9,89	6,34
9,89	6,35
9,89	6,36
9,90	6,36
9,90	6,37
9,91	6,38
9,91	6,39
9,92	6,39
9,92	6,40
9,93	6,41
9,93	6,42
9,94	6,42
9,94	6,43
9,95	6,44
9,95	6,44
9,95	6,45
9,96	6,46
9,96	6,46
9,96	6,47
9,97	6,47
9,97	6,48
9,97	6,49
9,98	6,49
9,98	6,50
9,99	6,50
9,99	6,51
9,99	6,51
10,00	6,52
10,00	6,53
10,01	6,53
10,01	6,53
10,02	6,54
10,02	6,54
10,02	6,55
10,03	6,55
10,03	6,56
10,04	6,56
10,04	6,56
10,05	6,57
10,05	6,57
10,05	6,57
10,06	6,58
10,07	6,58
10,07	6,58
10,07	6,59
10,08	6,59
10,08	6,59
10,08	6,59
10,09	6,60
10,09	6,60
10,10	6,60
10,10	6,60
10,10	6,61
10,11	6,61
10,11	6,61
10,12	6,61
10,12	6,62
10,13	6,62
10,13	6,62
10,14	6,62
10,14	6,62
10,14	6,62
10,15	6,62
10,15	6,62
10,15	6,62
10,16	6,63
10,16	6,63
10,16	6,63
10,17	6,63
10,17	6,63
10,18	6,63
10,18	6,63
10,19	6,63
10,19	6,63
10,19	6,63
10,20	6,63
10,20	6,63
10,21	6,63
10,21	6,63
10,21	6,63
10,22	6,63
10,22	6,63
10,23	6,63
10,23	6,63
10,23	6,63
10,24	6,62
10,24	6,62
10,24	6,62
10,25	6,62
10,25	6,62
10,26	6,62
10,26	6,62
10,26	6,62
10,27	6,62
10,27	6,61
10,28	6,61
10,28	6,61
10,28	6,61
10,29	6,61
10,29	6,61
10,30	6,60
10,30	6,60
10,31	6,60
10,31	6,60
10,31	6,60
10,32	6,60
10,32	6,59
10,33	6,59
10,33	6,59
10,33	6,59
10,34	6,59
10,34	6,58
10,34	6,58
10,35	6,58
10,35	6,58
10,36	6,57
10,36	6,57
10,36	6,57
10,37	6,57
10,37	6,56
10,38	6,56
10,38	6,56
10,38	6,55
10,39	6,55
10,39	6,55
10,39	6,54
10,40	6,54
10,40	6,53
10,40	6,53
10,41	6,53
10,41	6,52
10,42	6,52
10,42	6,51
10,43	6,50
10,43	6,50
10,44	6,49
10,44	6,49
10,44	6,48
10,45	6,48
10,45	6,47
10,45	6,47
10,45	6,46
10,45	6,46
10,46	6,45
10,46	6,44
10,47	6,44
10,47	6,43
10,47	6,43
10,48	6,42
10,48	6,42
10,49	6,41
10,49	6,41
10,50	6,40
10,50	6,40
10,50	6,39
10,51	6,39
10,51	6,38
10,52	6,38
10,52	6,37
10,52	6,37
10,53	6,36
10,53	6,36
10,53	6,36
10,54	6,35
10,55	6,35
10,55	6,35
10,55	6,34
10,56	6,34
10,56	6,34
10,56	6,34
10,56	6,33
10,57	6,33
10,57	6,33
10,57	6,33
10,57	6,32
10,58	6,32
10,58	6,32
10,58	6,32
10,59	6,32
10,59	6,32
10,59	6,32
10,60	6,31
10,60	6,31
10,60	6,31
10,60	6,31
10,61	6,31
10,61	6,31
10,62	6,31
10,62	6,31
10,62	6,31
10,63	6,31
10,63	6,31
10,63	6,31
10,64	6,31
10,64	6,31
10,64	6,31
10,65	6,31
10,65	6,31
10,65	6,31
10,66	6,31
10,66	6,31
10,67	6,31
10,67	6,31
10,68	6,31
10,68	6,31
10,68	6,31
10,69	6,31
10,69	6,31
10,70	6,31
10,70	6,31
10,70	6,31
10,71	6,31
10,71	6,31
10,71	6,31
10,72	6,32
10,72	6,32
10,72	6,32
10,73	6,32
10,73	6,32
10,74	6,33
10,74	6,33
10,75	6,34
10,75	6,34
10,75	6,35
10,76	6,35
10,76	6,37
10,77	6,37
10,77	6,38
10,77	6,39
10,77	6,39
10,78	6,40
10,78	6,41
10,78	6,41
10,79	6,42
10,79	6,43
10,79	6,43
10,80	6,44
10,80	6,44
10,80	6,45
10,81	6,45
10,81	6,45
10,81	6,46
10,82	6,46
10,82	6,46
10,82	6,46
10,83	6,46
10,83	6,46
10,84	6,47
10,84	6,47
10,84	6,47
10,84	6,47
10,85	6,47
10,85	6,47
10,86	6,47
10,86	6,47
10,87	6,48
10,87	6,48
10,87	6,48
10,88	6,48
10,88	6,48
10,88	6,48
10,89	6,48
10,89	6,48
10,89	6,48
10,90	6,48
10,90	6,48
10,91	6,48
10,91	6,48
10,91	6,49
10,92	6,49
10,92	6,49
10,92	6,49
10,92	6,49
10,93	6,49
10,94	6,49
10,94	6,50
10,94	6,50
10,94	6,50
10,95	6,50
10,95	6,50
10,95	6,50
10,95	6,51
10,96	6,51
10,96	6,51
10,96	6,52
10,96	6,52
10,97	6,52
10,97	6,52
10,98	6,52
10,99	6,53
10,99	6,53
10,99	6,53
11,00	6,54
11,00	6,54
11,00	6,54
11,01	6,55
11,01	6,55
11,02	6,55
11,02	6,56
11,03	6,56
11,03	6,56
11,04	6,56
11,04	6,57
11,05	6,57
11,05	6,57
11,06	6,58
11,06	6,59
11,06	6,59
11,06	6,60
11,07	6,60
11,07	6,60
11,07	6,61
11,08	6,61
11,09	6,62
11,09	6,62
11,10	6,63
11,10	6,63
11,11	6,63
11,11	6,64
11,12	6,64
11,12	6,64
11,12	6,65
11,13	6,65
11,13	6,66
11,13	6,67
11,14	6,67
11,14	6,68
11,14	6,68
11,14	6,69
11,15	6,69
11,15	6,69
11,15	6,70
11,16	6,70
11,16	6,71
11,16	6,71
11,17	6,72
11,17	6,72
11,18	6,72
11,18	6,73
11,18	6,73
11,18	6,74
11,18	6,74
11,19	6,75
11,19	6,75
11,19	6,75
11,19	6,76
11,20	6,76
11,20	6,77
11,20	6,77
11,20	6,78
11,21	6,78
11,21	6,79
11,22	6,79
11,22	6,80
11,22	6,80
11,23	6,81
11,23	6,81
11,24	6,82
11,24	6,82
11,24	6,83
11,25	6,83
11,25	6,84
11,25	6,84
11,25	6,85
11,26	6,85
11,26	6,86
11,26	6,86
11,26	6,87
11,27	6,87
11,27	6,88
11,27	6,89
11,28	6,89
11,28	6,90
11,28	6,90
11,28	6,91
11,29	6,91
11,29	6,92
11,29	6,92
11,30	6,93
11,30	6,94
11,30	6,94
11,31	6,95
11,31	6,95
11,31	6,96
11,31	6,96
11,32	6,98
11,32	6,98
11,32	6,99
11,32	6,99
11,33	7,00
11,33	7,00
11,33	7,01
11,34	7,02
11,34	7,02
11,34	7,03
11,35	7,04
11,35	7,04
11,35	7,05
11,35	7,05
11,36	7,06
11,36	7,07
11,36	7,07
11,36	7,08
11,37	7,09
11,37	7,09
11,37	7,10
11,37	7,11
11,38	7,11
11,38	7,12
11,38	7,12
11,38	7,13
11,39	7,14
11,39	7,14
11,39	7,15
11,39	7,16
11,40	7,16
11,40	7,17
11,40	7,18
11,41	7,18
11,41	7,19
11,41	7,20
11,42	7,21
11,42	7,21
11,42	7,22
11,43	7,23
11,43	7,23
11,43	7,24
11,43	7,25
11,44	7,26
11,44	7,26
11,44	7,27
11,44	7,28
11,45	7,28
11,45	7,29
11,45	7,30
11,46	7,31
11,46	7,32
11,46	7,33
11,46	7,33
11,47	7,34
11,47	7,35
11,47	7,36
11,48	7,37
11,48	7,38
11,48	7,39
11,49	7,40
11,49	7,41
11,49	7,42
11,50	7,43
11,50	7,44
11,50	7,45
11,50	7,46
11,51	7,47
11,51	7,48
11,51	7,49
11,51	7,50
11,52	7,51
11,52	7,52
11,52	7,53
11,52	7,53
11,53	7,54
11,53	7,55
11,53	7,56
11,53	7,57
11,53	7,58
11,53	7,59
11,54	7,59
11,54	7,60
11,54	7,61
11,54	7,62
11,55	7,63
11,55	7,63
11,55	7,64
11,55	7,65
11,56	7,66
11,56	7,67
11,56	7,68
11,56	7,68
11,57	7,69
11,57	7,70
11,57	7,71
11,57	7,72
11,58	7,73
11,58	7,73
11,58	7,74
11,58	7,75
11,59	7,76
11,59	7,77
11,59	7,78
11,59	7,79
11,60	7,79
11,60	7,80
11,60	7,81
11,60	7,82
11,60	7,83
11,61	7,84
11,61	7,85
11,61	7,85
11,61	7,86
11,62	7,87
11,62	7,88
11,63	7,89
11,63	7,90
11,63	7,91
11,63	7,92
11,64	7,93
11,64	7,93
11,64	7,94
11,64	7,95
11,65	7,96
11,65	7,97
11,65	7,98
11,65	7,99
11,65	8,00
11,66	8,00
11,66	8,01
11,66	8,02
11,67	8,03
11,67	8,04
11,67	8,05
11,67	8,06
11,68	8,07
11,68	8,08
11,68	8,09
11,69	8,10
11,69	8,10
11,69	8,11
11,69	8,12
11,70	8,13
11,70	8,14
11,70	8,15
11,70	8,16
11,70	8,17
11,71	8,18
11,71	8,19
11,71	8,20
11,71	8,21
11,72	8,22
11,72	8,23
11,72	8,24
11,72	8,25
11,72	8,26
11,72	8,26
11,73	8,27
11,73	8,28
11,73	8,29
11,73	8,30
11,74	8,31
11,74	8,32
11,74	8,33
11,74	8,34
11,74	8,35
11,75	8,36
11,75	8,37
11,75	8,38
11,75	8,39
11,76	8,40
11,76	8,41
11,76	8,42
11,76	8,43
11,77	8,44
11,77	8,45
11,77	8,46
11,77	8,47
11,78	8,48
11,78	8,49
11,78	8,50
11,79	8,51
11,79	8,52
11,79	8,53
11,80	8,54
11,80	8,55
11,80	8,56
11,80	8,57
11,80	8,58
11,81	8,59
11,81	8,60
11,81	8,61
11,81	8,62
11,81	8,63
11,82	8,64
11,82	8,65
11,82	8,66
11,82	8,67
11,82	8,68
11,83	8,69
11,83	8,70
11,83	8,71
11,83	8,72
11,84	8,73
11,84	8,74
11,84	8,75
11,84	8,76
11,84	8,77
11,85	8,79
11,85	8,80
11,85	8,81
11,85	8,82
11,86	8,83
11,86	8,84
11,86	8,85
11,86	8,86
11,87	8,88
11,87	8,89
11,87	8,90
11,88	8,91
11,88	8,93
11,88	8,94
11,88	8,95
11,89	8,97
11,89	8,98
11,89	8,99
11,89	9,01
11,89	9,02
11,90	9,03
11,90	9,05
11,90	9,06
11,90	9,07
11,90	9,09
11,91	9,10
11,91	9,11
11,91	9,12
11,91	9,14
11,92	9,15
11,92	9,16
11,92	9,17
11,92	9,19
11,93	9,20
11,93	9,21
11,93	9,23
11,93	9,24
11,94	9,25
11,94	9,28
11,94	9,29
11,94	9,30
11,95	9,31
11,95	9,32
11,95	9,33
11,95	9,34
11,95	9,35
11,96	9,37
11,96	9,38
11,96	9,39
11,96	9,40
11,97	9,41
11,97	9,42
11,97	9,43
11,97	9,44
11,97	9,45
11,98	9,47
11,98	9,48
11,98	9,49
11,98	9,50
11,98	9,51
11,99	9,52
11,99	9,53
11,99	9,54
11,99	9,55
11,99	9,57
12,00	9,58
12,00	9,59
12,00	9,60
12,00	9,61
12,01	9,62
12,01	9,63
12,01	9,64
12,01	9,65
12,02	9,66
12,02	9,67
12,02	9,68
12,02	9,69
12,02	9,70
12,03	9,71
12,03	9,72
12,03	9,74
12,03	9,75
12,04	9,76
12,04	9,77
12,04	9,78
12,04	9,79
12,05	9,80
12,05	9,81
12,05	9,82
12,05	9,83
12,05	9,84
12,05	9,85
12,05	9,86
12,06	9,87
12,06	9,89
12,06	9,90
12,06	9,91
12,07	9,92
12,07	9,93
12,07	9,94
12,07	9,95
12,07	9,96
12,07	9,97
12,08	9,98
12,08	9,99
12,08	10,00
12,08	10,00
12,09	10,01
12,09	10,02
12,09	10,03
12,09	10,04
12,09	10,06
12,10	10,07
12,10	10,08
12,10	10,07
12,10	10,04
12,10	10,05
12,10	10,02
12,11	10,00
12,12	9,98
12,12	9,96
12,13	9,94
12,13	9,90
12,13	9,90
12,14	9,90
12,14	9,90
12,14	9,90
12,14	9,90
12,14	9,90
12,15	9,90
12,15	9,90
12,15	9,90
12,15	9,90
12,16	9,90
12,16	9,90
12,17	9,90
12,17	9,90
12,17	9,90
12,17	9,90
12,18	9,90
12,18	9,90
12,19	9,90
12,19	9,90
12,19	9,90
12,19	9,90
12,20	9,90
12,20	9,90
12,20	9,90
12,20	9,90
12,21	9,90
12,21	9,90
12,21	9,90
12,22	9,90
12,22	9,90
12,22	9,90
12,22	9,90
12,23	9,90
12,23	9,90
12,23	9,90
12,23	9,90
12,24	9,90
12,24	9,90
12,24	9,90
12,24	9,90
12,25	9,90
12,25	9,90
12,25	9,90
12,26	9,90
12,26	9,90
12,26	9,90
12,26	9,90
12,26	9,90
12,27	9,90
12,27	9,90
12,27	9,90
12,27	9,90
12,27	9,90
12,27	9,90
12,28	9,90
12,28	9,90
12,28	9,90
12,28	9,90
12,28	9,90
12,28	9,90
12,29	9,90
12,29	9,90
12,29	9,90
12,29	9,90
12,29	9,90
12,30	9,90
12,30	9,90
12,30	9,90
12,30	9,90
12,31	9,90
12,31	9,90
12,31	9,90
12,31	9,90
12,31	9,90
12,31	9,90
12,32	9,90
12,32	9,90
12,32	9,90
12,32	9,90
12,33	9,90
12,33	9,90
12,33	9,90
12,34	9,90
12,34	9,90
12,34	9,90
12,34	9,90
12,35	9,90
12,35	9,90
12,35	9,90
12,35	9,90
12,35	9,90
12,36	9,90
12,36	9,90
12,36	9,90
12,36	9,90
12,37	9,90
12,37	9,90
12,37	9,90
12,37	9,90
12,38	9,90
12,38	9,90
12,38	9,90
12,38	9,90
12,38	9,90
12,39	9,90
12,39	9,90
12,39	9,90
12,39	9,90
12,40	9,90
12,40	9,90
12,40	9,90
12,40	9,90
12,41	9,90
12,41	9,90
12,41	9,90
12,41	9,90
12,42	9,90
12,42	9,90
12,42	9,90
12,42	9,90
12,42	9,90
12,43	9,90
12,43	9,90
12,43	9,90
12,43	9,90
12,43	9,90
12,43	9,90
12,44	9,90
12,44	9,90
12,44	9,90
12,44	9,90
12,44	9,90
12,44	9,90
12,45	9,90
12,45	9,90
12,45	9,90
12,45	9,90
12,45	9,90
12,46	9,90
12,46	9,90
12,46	9,90
12,46	9,90
12,47	9,90
12,47	9,90
12,47	9,90
12,47	9,90
12,47	9,90
12,48	9,90
12,48	9,90
12,48	9,90
12,48	9,90
12,48	9,90
12,48	9,90
12,49	9,90
12,49	9,90
12,49	9,90
12,49	9,90
12,49	9,90
12,50	9,90
12,50	9,90
12,50	9,90
12,50	9,90
12,50	9,90
12,51	9,90
12,51	9,90
12,51	9,90
12,51	9,90
12,51	9,90
12,52	9,90
12,52	9,90
12,52	9,90
12,52	9,90
12,52	9,90
12,52	9,90
12,53	9,90
12,53	9,90
12,53	9,90
12,53	9,90
12,53	9,90
12,53	9,90
12,54	9,90
12,54	9,90
12,54	9,90
12,54	9,90
12,54	9,90
12,54	9,90
12,55	9,90
12,55	9,90
12,55	9,90
12,55	9,90
12,55	9,90
12,56	9,90
12,56	9,90
12,56	9,90
12,56	9,90
12,56	9,90
12,56	9,90
12,57	9,90
12,57	9,90
12,57	9,90
12,57	9,90
12,57	9,90
12,58	9,90
12,58	9,90
12,58	9,90
12,58	9,90
12,58	9,90
12,59	9,90
12,59	9,90
12,59	9,90
12,59	9,90
12,59	9,90
12,60	9,90
12,60	9,90
12,60	9,90
12,60	9,90
12,60	9,90
12,60	9,90
12,61	9,90
12,61	9,90
12,61	9,90
12,61	9,90
12,61	9,90
12,61	9,90
12,62	9,90
12,62	9,90
12,62	9,90
12,62	9,90
12,62	9,90
12,63	9,90
12,63	9,90
12,63	9,90
12,63	9,90
12,63	9,90
12,64	9,90
12,64	9,90
12,64	9,90
12,65	9,90
12,65	9,90
12,65	9,90
12,65	9,90
12,65	9,90
12,65	9,90
12,66	9,90
12,66	9,90
12,66	9,90
12,66	9,90
12,66	9,90
12,66	9,90
12,67	9,90
12,67	9,90
12,67	9,90
12,67	9,90
12,68	9,90
12,68	9,90
12,68	9,90
12,68	9,90
12,68	9,90
12,68	9,90
12,69	9,90
12,69	9,90
12,69	9,90
12,69	9,90
12,69	9,90
12,70	9,90
12,70	9,90
12,70	9,90
12,70	9,90
12,70	9,90
12,71	9,90
12,71	9,90
12,71	9,90
12,71	9,90
12,71	9,90
12,72	9,90
12,72	9,90
12,72	9,90
12,72	9,90
12,73	9,90
12,73	9,90
12,73	9,90
12,73	9,90
12,73	9,90
12,73	9,90
12,74	9,90
12,74	9,90
12,74	9,90
12,74	9,90
12,75	9,90
12,75	9,90
12,75	9,90
12,75	9,90
12,75	9,90
12,75	9,90
12,76	9,90
12,76	9,90
12,76	9,90
12,76	9,90
12,76	9,90
12,77	9,90
12,77	9,90
12,77	9,90
12,77	9,90
12,77	9,90
12,77	9,90
12,78	9,90
12,78	9,90
12,78	9,90
12,78	9,90
12,78	9,90
12,78	9,90
12,79	9,90
12,79	9,90
12,79	9,90
12,79	9,90
12,79	9,90
12,80	9,90
12,80	9,90
12,80	9,90
12,80	9,90
12,80	9,90
12,80	9,90
12,80	9,90
12,81	9,90
12,81	9,90
12,81	9,90
12,81	9,90
12,81	9,90
12,81	9,90
12,82	9,90
12,82	9,90
12,82	9,90
12,82	9,90
12,82	9,90
12,83	9,90
12,83	9,90
12,83	9,90
12,83	9,90
12,83	9,90
12,84	9,90
12,84	9,90
12,84	9,90
12,85	9,90
12,85	9,90
