Tensão U2	Tensão U1
U2/V	U1/V

-0,06	0,22
-0,06	0,22
-0,05	0,22
-0,05	0,22
-0,05	0,22
-0,05	0,22
-0,04	0,22
-0,04	0,22
-0,03	0,22
-0,03	0,22
-0,02	0,22
-0,01	0,22
0,00	0,22
0,01	0,22
0,02	0,22
0,03	0,22
0,04	0,22
0,06	0,22
0,07	0,22
0,08	0,22
0,09	0,22
0,10	0,22
0,11	0,22
0,12	0,22
0,13	0,22
0,14	0,22
0,15	0,22
0,16	0,22
0,17	0,22
0,18	0,22
0,19	0,22
0,20	0,22
0,21	0,22
0,22	0,22
0,23	0,22
0,25	0,22
0,26	0,22
0,26	0,22
0,27	0,22
0,28	0,22
0,29	0,22
0,30	0,23
0,31	0,23
0,33	0,23
0,33	0,23
0,34	0,23
0,36	0,23
0,36	0,23
0,38	0,23
0,39	0,23
0,40	0,23
0,41	0,23
0,42	0,23
0,43	0,23
0,44	0,23
0,45	0,23
0,46	0,23
0,47	0,23
0,48	0,23
0,48	0,24
0,50	0,24
0,50	0,24
0,51	0,24
0,52	0,24
0,53	0,24
0,54	0,24
0,55	0,24
0,56	0,24
0,57	0,24
0,58	0,24
0,60	0,24
0,60	0,25
0,62	0,25
0,63	0,25
0,64	0,25
0,65	0,25
0,66	0,25
0,67	0,25
0,68	0,25
0,69	0,25
0,70	0,26
0,71	0,26
0,72	0,26
0,73	0,26
0,74	0,26
0,75	0,26
0,75	0,26
0,76	0,26
0,78	0,26
0,78	0,27
0,79	0,27
0,80	0,27
0,81	0,27
0,82	0,27
0,83	0,27
0,84	0,28
0,85	0,28
0,86	0,28
0,87	0,28
0,88	0,28
0,89	0,28
0,90	0,29
0,91	0,29
0,92	0,29
0,93	0,29
0,94	0,29
0,94	0,30
0,96	0,30
0,96	0,30
0,97	0,30
0,98	0,30
0,99	0,31
1,00	0,31
1,01	0,31
1,02	0,31
1,03	0,32
1,03	0,32
1,04	0,32
1,05	0,32
1,06	0,33
1,07	0,33
1,08	0,33
1,09	0,33
1,10	0,34
1,11	0,34
1,11	0,34
1,12	0,35
1,13	0,35
1,14	0,35
1,15	0,35
1,16	0,36
1,17	0,36
1,18	0,36
1,18	0,37
1,20	0,37
1,21	0,37
1,22	0,37
1,23	0,38
1,24	0,38
1,25	0,39
1,26	0,39
1,27	0,39
1,28	0,40
1,29	0,40
1,30	0,40
1,31	0,41
1,31	0,41
1,32	0,42
1,33	0,42
1,34	0,42
1,34	0,43
1,35	0,43
1,36	0,44
1,37	0,44
1,38	0,44
1,38	0,45
1,39	0,45
1,40	0,46
1,41	0,46
1,42	0,47
1,43	0,47
1,44	0,47
1,45	0,48
1,46	0,48
1,47	0,49
1,48	0,49
1,49	0,50
1,50	0,50
1,51	0,51
1,52	0,51
1,53	0,52
1,54	0,52
1,55	0,53
1,56	0,53
1,57	0,53
1,58	0,54
1,58	0,54
1,59	0,55
1,60	0,55
1,61	0,56
1,62	0,56
1,63	0,57
1,63	0,57
1,64	0,58
1,65	0,58
1,66	0,58
1,67	0,59
1,68	0,59
1,69	0,60
1,70	0,60
1,71	0,61
1,72	0,61
1,72	0,62
1,73	0,62
1,74	0,63
1,74	0,63
1,75	0,63
1,76	0,64
1,77	0,64
1,78	0,65
1,78	0,65
1,79	0,65
1,80	0,66
1,81	0,66
1,82	0,67
1,83	0,67
1,83	0,67
1,84	0,68
1,85	0,68
1,86	0,68
1,86	0,69
1,87	0,69
1,88	0,70
1,89	0,70
1,90	0,70
1,91	0,71
1,92	0,71
1,93	0,71
1,93	0,72
1,95	0,72
1,95	0,72
1,96	0,73
1,97	0,73
1,98	0,73
1,98	0,74
1,99	0,74
2,00	0,74
2,01	0,75
2,01	0,75
2,02	0,75
2,03	0,75
2,04	0,76
2,05	0,76
2,06	0,76
2,06	0,76
2,07	0,77
2,08	0,77
2,09	0,77
2,10	0,77
2,10	0,78
2,11	0,78
2,12	0,78
2,13	0,78
2,14	0,78
2,14	0,79
2,15	0,79
2,16	0,79
2,17	0,79
2,17	0,79
2,18	0,79
2,19	0,80
2,20	0,80
2,20	0,80
2,21	0,80
2,22	0,80
2,23	0,80
2,24	0,81
2,25	0,81
2,25	0,81
2,26	0,81
2,27	0,81
2,28	0,81
2,29	0,81
2,30	0,81
2,30	0,82
2,31	0,82
2,32	0,82
2,33	0,82
2,33	0,82
2,34	0,82
2,35	0,82
2,36	0,82
2,37	0,82
2,37	0,82
2,38	0,82
2,39	0,82
2,40	0,83
2,41	0,83
2,41	0,83
2,42	0,83
2,43	0,83
2,44	0,83
2,44	0,83
2,45	0,83
2,46	0,83
2,47	0,83
2,47	0,83
2,48	0,83
2,49	0,83
2,50	0,83
2,51	0,83
2,51	0,83
2,52	0,83
2,53	0,83
2,54	0,83
2,54	0,83
2,55	0,83
2,56	0,83
2,57	0,83
2,57	0,83
2,58	0,83
2,59	0,83
2,60	0,83
2,60	0,83
2,61	0,83
2,62	0,83
2,63	0,83
2,64	0,83
2,64	0,83
2,65	0,83
2,66	0,83
2,66	0,83
2,67	0,83
2,68	0,83
2,68	0,83
2,69	0,83
2,70	0,83
2,70	0,83
2,71	0,83
2,72	0,83
2,72	0,83
2,73	0,83
2,74	0,83
2,75	0,83
2,76	0,83
2,77	0,83
2,78	0,83
2,78	0,83
2,79	0,83
2,80	0,83
2,81	0,83
2,81	0,83
2,82	0,83
2,83	0,83
2,83	0,83
2,84	0,83
2,85	0,83
2,85	0,83
2,86	0,83
2,87	0,83
2,88	0,83
2,88	0,83
2,89	0,83
2,90	0,83
2,90	0,83
2,91	0,83
2,92	0,83
2,92	0,83
2,93	0,83
2,94	0,83
2,94	0,83
2,95	0,83
2,96	0,83
2,96	0,83
2,97	0,83
2,98	0,83
2,98	0,83
2,99	0,83
3,00	0,83
3,00	0,83
3,01	0,83
3,02	0,84
3,03	0,84
3,03	0,84
3,04	0,84
3,05	0,84
3,06	0,84
3,06	0,84
3,07	0,84
3,08	0,84
3,09	0,84
3,09	0,84
3,10	0,84
3,11	0,84
3,12	0,84
3,12	0,85
3,13	0,85
3,13	0,85
3,14	0,85
3,15	0,85
3,16	0,85
3,16	0,85
3,17	0,85
3,18	0,86
3,18	0,86
3,19	0,86
3,20	0,86
3,21	0,86
3,21	0,86
3,22	0,87
3,23	0,87
3,23	0,87
3,24	0,87
3,25	0,87
3,25	0,87
3,26	0,88
3,27	0,88
3,27	0,88
3,28	0,88
3,29	0,88
3,29	0,88
3,30	0,89
3,31	0,89
3,31	0,89
3,32	0,89
3,33	0,89
3,33	0,90
3,34	0,90
3,35	0,90
3,36	0,90
3,36	0,91
3,37	0,91
3,38	0,91
3,38	0,92
3,39	0,92
3,39	0,92
3,40	0,92
3,41	0,93
3,41	0,93
3,42	0,93
3,43	0,94
3,43	0,94
3,44	0,94
3,45	0,95
3,45	0,95
3,46	0,95
3,47	0,96
3,47	0,96
3,48	0,96
3,49	0,97
3,49	0,97
3,50	0,97
3,50	0,98
3,51	0,98
3,52	0,98
3,52	0,99
3,53	0,99
3,54	1,00
3,54	1,00
3,55	1,01
3,56	1,01
3,56	1,01
3,57	1,02
3,58	1,02
3,59	1,03
3,59	1,03
3,60	1,04
3,61	1,04
3,61	1,05
3,62	1,05
3,63	1,06
3,63	1,06
3,64	1,07
3,64	1,07
3,65	1,08
3,65	1,08
3,66	1,09
3,66	1,09
3,67	1,10
3,68	1,11
3,68	1,11
3,69	1,12
3,70	1,12
3,70	1,13
3,71	1,14
3,72	1,14
3,72	1,15
3,73	1,15
3,73	1,16
3,74	1,17
3,75	1,17
3,75	1,18
3,76	1,19
3,77	1,19
3,77	1,20
3,78	1,21
3,78	1,21
3,79	1,22
3,79	1,23
3,80	1,23
3,81	1,24
3,81	1,25
3,82	1,25
3,82	1,26
3,83	1,27
3,84	1,27
3,85	1,28
3,85	1,29
3,86	1,30
3,86	1,30
3,87	1,31
3,88	1,32
3,89	1,33
3,90	1,33
3,90	1,34
3,90	1,35
3,91	1,36
3,92	1,37
3,92	1,37
3,93	1,38
3,93	1,39
3,94	1,40
3,94	1,41
3,95	1,41
3,95	1,42
3,96	1,43
3,96	1,44
3,97	1,45
3,98	1,46
3,98	1,46
3,99	1,47
4,00	1,48
4,00	1,49
4,01	1,50
4,01	1,51
4,02	1,52
4,02	1,53
4,03	1,54
4,03	1,54
4,04	1,55
4,04	1,56
4,05	1,57
4,06	1,58
4,06	1,59
4,07	1,60
4,08	1,61
4,08	1,62
4,09	1,62
4,10	1,63
4,10	1,64
4,11	1,65
4,11	1,66
4,12	1,67
4,12	1,68
4,13	1,69
4,13	1,69
4,14	1,70
4,15	1,71
4,15	1,72
4,16	1,73
4,17	1,74
4,17	1,75
4,18	1,75
4,18	1,76
4,19	1,77
4,20	1,78
4,20	1,79
4,21	1,80
4,22	1,81
4,22	1,82
4,22	1,82
4,23	1,83
4,24	1,84
4,25	1,85
4,26	1,86
4,26	1,86
4,26	1,87
4,27	1,88
4,28	1,89
4,28	1,90
4,28	1,90
4,29	1,91
4,29	1,92
4,30	1,93
4,30	1,94
4,31	1,95
4,31	1,95
4,31	1,96
4,32	1,97
4,32	1,98
4,33	1,98
4,34	1,99
4,35	2,00
4,35	2,01
4,36	2,01
4,36	2,02
4,37	2,03
4,38	2,03
4,38	2,04
4,38	2,05
4,39	2,06
4,39	2,06
4,39	2,07
4,40	2,08
4,41	2,08
4,42	2,09
4,42	2,09
4,42	2,10
4,43	2,10
4,44	2,11
4,44	2,11
4,45	2,12
4,46	2,12
4,46	2,13
4,47	2,13
4,47	2,14
4,48	2,14
4,49	2,14
4,49	2,15
4,50	2,15
4,50	2,16
4,50	2,16
4,51	2,16
4,52	2,17
4,52	2,17
4,53	2,17
4,54	2,18
4,54	2,18
4,55	2,18
4,56	2,19
4,56	2,19
4,57	2,19
4,58	2,19
4,58	2,20
4,59	2,20
4,59	2,20
4,60	2,20
4,60	2,21
4,61	2,21
4,61	2,21
4,62	2,21
4,62	2,21
4,63	2,21
4,63	2,21
4,64	2,22
4,64	2,22
4,65	2,22
4,65	2,22
4,66	2,22
4,66	2,22
4,67	2,22
4,67	2,22
4,68	2,22
4,68	2,22
4,69	2,22
4,70	2,22
4,70	2,22
4,71	2,23
4,71	2,23
4,72	2,23
4,72	2,23
4,72	2,23
4,73	2,23
4,73	2,23
4,74	2,23
4,74	2,23
4,75	2,23
4,76	2,23
4,76	2,23
4,77	2,23
4,77	2,23
4,78	2,23
4,78	2,23
4,79	2,23
4,79	2,23
4,80	2,23
4,80	2,23
4,81	2,23
4,81	2,23
4,82	2,23
4,82	2,23
4,83	2,23
4,83	2,23
4,83	2,23
4,84	2,22
4,84	2,22
4,85	2,22
4,85	2,22
4,86	2,22
4,86	2,22
4,87	2,22
4,87	2,22
4,88	2,22
4,89	2,22
4,89	2,22
4,90	2,22
4,90	2,22
4,91	2,22
4,91	2,22
4,92	2,22
4,92	2,22
4,93	2,22
4,93	2,22
4,94	2,22
4,94	2,22
4,95	2,22
4,95	2,22
4,95	2,22
4,96	2,22
4,96	2,22
4,97	2,22
4,97	2,22
4,98	2,22
4,98	2,22
4,99	2,22
4,99	2,22
5,00	2,21
5,00	2,21
5,01	2,21
5,01	2,21
5,02	2,21
5,02	2,21
5,03	2,21
5,03	2,21
5,04	2,21
5,04	2,21
5,04	2,21
5,05	2,21
5,05	2,20
5,06	2,20
5,06	2,20
5,07	2,20
5,07	2,20
5,08	2,20
5,08	2,20
5,09	2,20
5,10	2,20
5,10	2,19
5,10	2,19
5,11	2,19
5,11	2,19
5,12	2,19
5,12	2,19
5,13	2,19
5,13	2,19
5,14	2,18
5,14	2,18
5,14	2,18
5,15	2,18
5,15	2,18
5,16	2,18
5,16	2,17
5,17	2,17
5,17	2,17
5,18	2,17
5,18	2,17
5,19	2,17
5,19	2,16
5,20	2,16
5,20	2,16
5,21	2,16
5,21	2,16
5,22	2,16
5,22	2,16
5,23	2,15
5,23	2,15
5,23	2,15
5,24	2,15
5,24	2,15
5,25	2,14
5,25	2,14
5,26	2,14
5,26	2,14
5,26	2,14
5,27	2,13
5,27	2,13
5,28	2,13
5,28	2,13
5,29	2,13
5,29	2,13
5,30	2,12
5,30	2,12
5,31	2,12
5,31	2,12
5,32	2,12
5,32	2,12
5,33	2,12
5,33	2,11
5,34	2,11
5,34	2,11
5,34	2,11
5,35	2,11
5,36	2,11
5,36	2,10
5,37	2,10
5,37	2,10
5,37	2,10
5,38	2,10
5,38	2,10
5,39	2,09
5,39	2,09
5,39	2,09
5,40	2,09
5,40	2,09
5,41	2,09
5,41	2,09
5,42	2,08
5,42	2,08
5,42	2,08
5,43	2,08
5,44	2,08
5,44	2,08
5,44	2,07
5,45	2,07
5,45	2,07
5,46	2,07
5,47	2,07
5,47	2,07
5,48	2,07
5,48	2,07
5,48	2,07
5,49	2,07
5,49	2,06
5,50	2,06
5,50	2,06
5,51	2,06
5,51	2,06
5,51	2,06
5,52	2,06
5,52	2,06
5,53	2,06
5,53	2,06
5,53	2,06
5,54	2,06
5,54	2,06
5,55	2,06
5,55	2,06
5,56	2,06
5,56	2,06
5,56	2,05
5,57	2,05
5,57	2,05
5,58	2,05
5,58	2,05
5,58	2,05
5,59	2,05
5,59	2,05
5,60	2,05
5,60	2,05
5,61	2,05
5,61	2,05
5,61	2,05
5,62	2,05
5,62	2,05
5,63	2,05
5,63	2,05
5,64	2,05
5,64	2,05
5,64	2,05
5,65	2,06
5,66	2,06
5,66	2,06
5,66	2,06
5,67	2,06
5,67	2,06
5,68	2,06
5,68	2,06
5,69	2,06
5,70	2,06
5,70	2,06
5,70	2,06
5,71	2,06
5,71	2,06
5,71	2,06
5,72	2,07
5,72	2,07
5,72	2,07
5,73	2,07
5,73	2,07
5,74	2,07
5,75	2,07
5,75	2,08
5,75	2,08
5,76	2,08
5,76	2,08
5,77	2,08
5,78	2,08
5,79	2,08
5,79	2,09
5,80	2,09
5,80	2,09
5,80	2,09
5,81	2,09
5,81	2,10
5,81	2,09
5,81	2,10
5,82	2,11
5,82	2,11
5,82	2,11
5,83	2,11
5,84	2,11
5,84	2,12
5,85	2,12
5,85	2,12
5,85	2,12
5,86	2,13
5,86	2,13
5,86	2,13
5,87	2,13
5,87	2,14
5,87	2,14
5,87	2,14
5,88	2,15
5,88	2,15
5,89	2,15
5,89	2,16
5,90	2,16
5,90	2,16
5,91	2,16
5,91	2,17
5,92	2,17
5,92	2,17
5,93	2,18
5,93	2,18
5,94	2,18
5,94	2,19
5,94	2,19
5,95	2,19
5,95	2,20
5,95	2,20
5,95	2,21
5,96	2,21
5,96	2,21
5,97	2,22
5,97	2,22
5,97	2,23
5,98	2,23
5,98	2,23
5,99	2,24
5,99	2,24
6,00	2,24
6,00	2,25
6,00	2,25
6,00	2,26
6,01	2,26
6,01	2,26
6,01	2,27
6,02	2,27
6,02	2,28
6,03	2,28
6,03	2,29
6,03	2,29
6,03	2,30
6,04	2,30
6,04	2,30
6,05	2,31
6,05	2,31
6,05	2,32
6,06	2,32
6,06	2,33
6,06	2,33
6,07	2,34
6,07	2,34
6,08	2,35
6,08	2,35
6,09	2,36
6,09	2,36
6,09	2,37
6,10	2,37
6,10	2,38
6,11	2,38
6,11	2,39
6,12	2,39
6,12	2,40
6,12	2,40
6,13	2,41
6,13	2,41
6,14	2,42
6,14	2,42
6,14	2,43
6,15	2,44
6,15	2,44
6,15	2,45
6,15	2,45
6,16	2,46
6,16	2,46
6,16	2,47
6,17	2,47
6,17	2,48
6,17	2,49
6,18	2,49
6,18	2,50
6,18	2,51
6,19	2,51
6,19	2,52
6,20	2,52
6,20	2,53
6,20	2,53
6,21	2,54
6,21	2,55
6,21	2,55
6,22	2,56
6,22	2,57
6,22	2,57
6,22	2,58
6,23	2,58
6,23	2,59
6,24	2,60
6,24	2,60
6,24	2,61
6,25	2,62
6,25	2,62
6,26	2,63
6,26	2,64
6,27	2,64
6,27	2,65
6,27	2,66
6,27	2,67
6,28	2,67
6,28	2,68
6,28	2,69
6,28	2,69
6,29	2,70
6,29	2,71
6,29	2,71
6,30	2,72
6,30	2,73
6,31	2,74
6,31	2,74
6,31	2,75
6,32	2,76
6,32	2,76
6,32	2,77
6,33	2,78
6,33	2,79
6,33	2,79
6,34	2,80
6,34	2,81
6,34	2,82
6,35	2,82
6,35	2,83
6,36	2,84
6,36	2,85
6,36	2,85
6,37	2,86
6,37	2,87
6,38	2,88
6,38	2,89
6,38	2,89
6,38	2,90
6,39	2,91
6,39	2,92
6,39	2,93
6,40	2,93
6,40	2,94
6,41	2,95
6,41	2,96
6,41	2,97
6,42	2,97
6,42	2,98
6,42	2,99
6,42	3,00
6,43	3,01
6,43	3,02
6,43	3,02
6,43	3,03
6,44	3,04
6,44	3,05
6,45	3,06
6,45	3,07
6,45	3,08
6,46	3,08
6,46	3,09
6,47	3,10
6,47	3,11
6,47	3,12
6,48	3,13
6,48	3,13
6,48	3,14
6,49	3,15
6,49	3,16
6,49	3,17
6,50	3,18
6,50	3,19
6,50	3,21
6,51	3,21
6,51	3,23
6,51	3,24
6,52	3,25
6,52	3,26
6,52	3,27
6,53	3,28
6,53	3,29
6,53	3,30
6,54	3,31
6,54	3,32
6,55	3,32
6,55	3,33
6,56	3,34
6,56	3,35
6,56	3,36
6,57	3,38
6,57	3,39
6,58	3,41
6,58	3,42
6,58	3,43
6,58	3,44
6,59	3,45
6,59	3,46
6,60	3,47
6,60	3,48
6,60	3,48
6,61	3,49
6,61	3,50
6,61	3,53
6,61	3,54
6,62	3,55
6,62	3,56
6,62	3,57
6,63	3,58
6,63	3,59
6,63	3,60
6,64	3,61
6,64	3,62
6,64	3,63
6,65	3,64
6,65	3,65
6,66	3,66
6,66	3,67
6,66	3,68
6,66	3,68
6,66	3,69
6,67	3,70
6,67	3,71
6,68	3,72
6,68	3,73
6,68	3,74
6,68	3,75
6,69	3,76
6,69	3,77
6,69	3,78
6,69	3,79
6,70	3,80
6,70	3,81
6,70	3,82
6,71	3,83
6,71	3,84
6,71	3,85
6,71	3,86
6,72	3,87
6,72	3,88
6,73	3,88
6,73	3,89
6,73	3,90
6,73	3,91
6,74	3,92
6,74	3,93
6,74	3,94
6,75	3,95
6,75	3,96
6,75	3,97
6,76	3,98
6,76	3,99
6,76	4,00
6,77	4,01
6,77	4,01
6,77	4,02
6,78	4,03
6,78	4,04
6,78	4,06
6,78	4,07
6,79	4,09
6,79	4,11
6,79	4,11
6,79	4,10
6,80	4,12
6,80	4,13
6,80	4,14
6,81	4,15
6,81	4,16
6,81	4,17
6,82	4,19
6,82	4,20
6,82	4,21
6,82	4,21
6,83	4,23
6,83	4,24
6,84	4,24
6,84	4,25
6,85	4,26
6,85	4,27
6,86	4,27
6,86	4,29
6,87	4,30
6,87	4,31
6,87	4,33
6,88	4,34
6,88	4,35
6,88	4,35
6,89	4,36
6,89	4,37
6,89	4,37
6,90	4,38
6,90	4,39
6,90	4,39
6,91	4,40
6,91	4,41
6,91	4,41
6,92	4,42
6,92	4,43
6,92	4,43
6,93	4,44
6,93	4,44
6,93	4,45
6,93	4,46
6,94	4,46
6,94	4,47
6,94	4,47
6,95	4,48
6,95	4,48
6,95	4,49
6,95	4,50
6,95	4,50
6,96	4,51
6,96	4,51
6,96	4,52
6,97	4,52
6,97	4,53
6,97	4,53
6,97	4,54
6,97	4,54
6,98	4,55
6,98	4,55
6,99	4,56
6,99	4,56
6,99	4,57
6,99	4,57
6,99	4,58
6,99	4,58
7,00	4,59
7,00	4,59
7,00	4,60
7,00	4,60
7,01	4,61
7,01	4,61
7,01	4,62
7,02	4,62
7,02	4,62
7,02	4,63
7,03	4,63
7,03	4,64
7,03	4,64
7,03	4,64
7,04	4,65
7,04	4,65
7,04	4,65
7,04	4,66
7,05	4,66
7,05	4,67
7,05	4,67
7,06	4,67
7,06	4,68
7,06	4,68
7,07	4,68
7,07	4,69
7,07	4,69
7,08	4,69
7,08	4,69
7,08	4,70
7,08	4,70
7,09	4,70
7,09	4,71
7,09	4,71
7,09	4,71
7,09	4,71
7,09	4,72
7,10	4,72
7,10	4,72
7,10	4,73
7,11	4,73
7,11	4,73
7,11	4,73
7,11	4,74
7,12	4,74
7,12	4,74
7,12	4,74
7,13	4,74
7,13	4,75
7,13	4,75
7,13	4,75
7,14	4,75
7,14	4,75
7,14	4,76
7,14	4,76
7,15	4,76
7,15	4,76
7,15	4,76
7,16	4,77
7,16	4,77
7,16	4,77
7,16	4,77
7,17	4,77
7,17	4,77
7,17	4,78
7,17	4,78
7,18	4,78
7,18	4,78
7,18	4,78
7,18	4,78
7,19	4,78
7,19	4,78
7,19	4,78
7,20	4,78
7,20	4,79
7,20	4,79
7,20	4,79
7,20	4,79
7,21	4,79
7,21	4,79
7,21	4,79
7,22	4,79
7,22	4,79
7,22	4,79
7,23	4,79
7,23	4,79
7,23	4,79
7,23	4,79
7,23	4,79
7,24	4,79
7,24	4,79
7,24	4,79
7,24	4,80
7,24	4,80
7,24	4,80
7,25	4,80
7,25	4,80
7,25	4,79
7,25	4,79
7,26	4,79
7,26	4,79
7,26	4,79
7,26	4,79
7,27	4,79
7,27	4,79
7,27	4,79
7,28	4,79
7,28	4,79
7,28	4,79
7,29	4,79
7,29	4,79
7,29	4,79
7,29	4,79
7,30	4,79
7,30	4,79
7,30	4,79
7,30	4,79
7,30	4,79
7,31	4,79
7,31	4,79
7,31	4,79
7,32	4,79
7,32	4,78
7,32	4,78
7,32	4,78
7,33	4,78
7,33	4,78
7,33	4,78
7,33	4,78
7,34	4,78
7,34	4,78
7,34	4,78
7,34	4,78
7,34	4,78
7,35	4,77
7,35	4,77
7,35	4,77
7,35	4,77
7,36	4,77
7,36	4,77
7,36	4,77
7,36	4,77
7,37	4,76
7,37	4,76
7,37	4,76
7,38	4,76
7,38	4,76
7,38	4,76
7,38	4,76
7,39	4,75
7,39	4,75
7,39	4,75
7,39	4,75
7,39	4,75
7,40	4,74
7,40	4,74
7,40	4,74
7,40	4,74
7,41	4,74
7,41	4,74
7,41	4,74
7,41	4,73
7,42	4,73
7,42	4,73
7,42	4,73
7,42	4,73
7,43	4,73
7,43	4,72
7,43	4,72
7,43	4,72
7,43	4,72
7,44	4,72
7,44	4,72
7,44	4,71
7,44	4,71
7,44	4,71
7,45	4,71
7,45	4,71
7,45	4,70
7,45	4,70
7,45	4,70
7,46	4,70
7,46	4,70
7,47	4,70
7,47	4,69
7,48	4,69
7,48	4,69
7,48	4,69
7,49	4,68
7,49	4,68
7,49	4,68
7,49	4,67
7,50	4,67
7,50	4,67
7,50	4,67
7,51	4,66
7,51	4,66
7,51	4,66
7,52	4,65
7,52	4,65
7,52	4,64
7,52	4,64
7,52	4,63
7,53	4,63
7,53	4,63
7,53	4,63
7,53	4,62
7,54	4,62
7,54	4,62
7,54	4,62
7,54	4,61
7,55	4,61
7,55	4,61
7,55	4,61
7,55	4,61
7,55	4,60
7,55	4,60
7,56	4,60
7,56	4,59
7,56	4,59
7,56	4,59
7,57	4,59
7,57	4,58
7,57	4,58
7,57	4,58
7,58	4,58
7,58	4,58
7,58	4,57
7,58	4,57
7,59	4,57
7,59	4,57
7,59	4,56
7,59	4,56
7,60	4,56
7,60	4,56
7,60	4,55
7,60	4,55
7,61	4,55
7,61	4,55
7,61	4,54
7,61	4,54
7,61	4,54
7,62	4,54
7,62	4,54
7,62	4,53
7,62	4,53
7,63	4,53
7,63	4,53
7,63	4,53
7,63	4,52
7,63	4,52
7,64	4,52
7,64	4,52
7,64	4,51
7,64	4,51
7,64	4,51
7,64	4,51
7,65	4,51
7,65	4,50
7,65	4,50
7,65	4,50
7,66	4,50
7,66	4,50
7,66	4,49
7,66	4,49
7,66	4,49
7,66	4,48
7,66	4,48
7,67	4,48
7,67	4,48
7,67	4,47
7,68	4,47
7,68	4,47
7,68	4,47
7,68	4,47
7,68	4,46
7,69	4,46
7,69	4,46
7,69	4,46
7,70	4,45
7,70	4,45
7,70	4,45
7,70	4,44
7,70	4,44
7,71	4,44
7,71	4,44
7,71	4,43
7,71	4,43
7,71	4,43
7,71	4,43
7,72	4,43
7,72	4,42
7,72	4,42
7,73	4,42
7,73	4,41
7,73	4,41
7,74	4,41
7,74	4,41
7,74	4,40
7,75	4,40
7,75	4,40
7,75	4,40
7,76	4,39
7,76	4,39
7,76	4,39
7,76	4,38
7,76	4,37
7,77	4,37
7,77	4,37
7,78	4,36
7,78	4,36
7,78	4,36
7,79	4,36
7,79	4,35
7,79	4,35
7,79	4,35
7,80	4,34
7,80	4,34
7,80	4,34
7,81	4,34
7,81	4,33
7,81	4,33
7,82	4,33
7,82	4,33
7,82	4,32
7,83	4,32
7,83	4,32
7,83	4,32
7,83	4,31
7,83	4,31
7,83	4,31
7,83	4,31
7,84	4,30
7,84	4,30
7,84	4,30
7,85	4,30
7,85	4,30
7,85	4,30
7,86	4,29
7,86	4,29
7,86	4,29
7,86	4,29
7,86	4,29
7,87	4,28
7,87	4,28
7,87	4,28
7,87	4,28
7,87	4,28
7,88	4,28
7,88	4,27
7,88	4,27
7,88	4,27
7,88	4,27
7,88	4,27
7,89	4,27
7,89	4,27
7,89	4,26
7,89	4,26
7,90	4,26
7,90	4,26
7,90	4,26
7,90	4,26
7,90	4,26
7,91	4,26
7,91	4,25
7,91	4,25
7,91	4,25
7,91	4,25
7,92	4,25
7,92	4,25
7,92	4,24
7,92	4,24
7,92	4,24
7,92	4,24
7,93	4,24
7,93	4,24
7,93	4,24
7,93	4,24
7,93	4,23
7,94	4,23
7,94	4,23
7,94	4,23
7,94	4,23
7,94	4,23
7,94	4,23
7,95	4,23
7,95	4,22
7,95	4,22
7,95	4,22
7,95	4,22
7,95	4,22
7,96	4,22
7,96	4,22
7,96	4,22
7,96	4,22
7,96	4,22
7,97	4,21
7,97	4,21
7,97	4,21
7,97	4,21
7,97	4,21
7,97	4,21
7,98	4,21
7,98	4,21
7,98	4,21
7,98	4,21
7,98	4,20
7,99	4,20
7,99	4,20
7,99	4,20
7,99	4,20
7,99	4,20
8,00	4,20
8,00	4,20
8,00	4,20
8,00	4,20
8,00	4,19
8,00	4,19
8,01	4,19
8,01	4,19
8,01	4,19
8,01	4,19
8,02	4,19
8,02	4,19
8,02	4,19
8,02	4,19
8,02	4,19
8,03	4,19
8,03	4,19
8,03	4,18
8,03	4,18
8,04	4,18
8,04	4,18
8,04	4,18
8,04	4,18
8,04	4,18
8,05	4,18
8,05	4,18
8,05	4,18
8,05	4,18
8,05	4,18
8,06	4,18
8,06	4,18
8,06	4,18
8,07	4,18
8,07	4,18
8,07	4,18
8,07	4,18
8,07	4,17
8,07	4,17
8,07	4,17
8,08	4,17
8,08	4,17
8,08	4,17
8,08	4,17
8,08	4,17
8,09	4,17
8,09	4,17
8,09	4,17
8,09	4,17
8,09	4,17
8,10	4,17
8,10	4,17
8,10	4,17
8,10	4,17
8,10	4,17
8,10	4,17
8,10	4,17
8,11	4,17
8,11	4,17
8,11	4,17
8,11	4,17
8,11	4,17
8,12	4,17
8,12	4,17
8,12	4,17
8,12	4,17
8,12	4,17
8,13	4,17
8,13	4,17
8,13	4,17
8,13	4,17
8,13	4,17
8,14	4,17
8,14	4,17
8,14	4,17
8,14	4,17
8,14	4,17
8,15	4,17
8,15	4,17
8,15	4,17
8,15	4,17
8,15	4,17
8,15	4,17
8,15	4,17
8,16	4,17
8,16	4,17
8,16	4,17
8,16	4,17
8,16	4,17
8,16	4,17
8,16	4,17
8,17	4,17
8,17	4,17
8,17	4,17
8,17	4,17
8,18	4,17
8,18	4,17
8,18	4,17
8,18	4,17
8,18	4,17
8,18	4,17
8,19	4,17
8,19	4,17
8,19	4,17
8,19	4,17
8,19	4,17
8,20	4,18
8,20	4,18
8,20	4,18
8,20	4,18
8,20	4,18
8,20	4,18
8,21	4,18
8,21	4,18
8,21	4,18
8,21	4,18
8,21	4,18
8,22	4,18
8,22	4,18
8,22	4,18
8,22	4,18
8,22	4,18
8,22	4,18
8,22	4,19
8,23	4,19
8,23	4,19
8,23	4,19
8,23	4,19
8,23	4,19
8,24	4,19
8,24	4,19
8,24	4,19
8,24	4,19
8,24	4,19
8,25	4,19
8,25	4,19
8,25	4,20
8,25	4,20
8,25	4,20
8,25	4,20
8,26	4,20
8,26	4,20
8,26	4,20
8,26	4,20
8,27	4,20
8,27	4,20
8,27	4,21
8,27	4,21
8,27	4,21
8,28	4,21
8,28	4,21
8,28	4,21
8,28	4,21
8,28	4,21
8,29	4,21
8,29	4,22
8,29	4,22
8,29	4,22
8,30	4,22
8,30	4,23
8,30	4,22
8,30	4,22
8,30	4,22
8,30	4,22
8,30	4,23
8,31	4,23
8,31	4,24
8,31	4,24
8,32	4,24
8,32	4,24
8,33	4,24
8,33	4,25
8,33	4,25
8,34	4,25
8,34	4,25
8,34	4,26
8,34	4,26
8,34	4,26
8,35	4,27
8,35	4,27
8,35	4,27
8,35	4,27
8,35	4,27
8,36	4,27
8,36	4,27
8,36	4,28
8,36	4,28
8,36	4,28
8,36	4,28
8,37	4,29
8,37	4,29
8,37	4,29
8,37	4,29
8,37	4,30
8,37	4,30
8,38	4,30
8,38	4,30
8,38	4,30
8,38	4,30
8,39	4,30
8,39	4,31
8,39	4,31
8,39	4,31
8,39	4,31
8,40	4,31
8,40	4,31
8,40	4,32
8,40	4,32
8,40	4,32
8,40	4,32
8,40	4,32
8,41	4,33
8,41	4,33
8,41	4,33
8,41	4,34
8,41	4,34
8,41	4,35
8,42	4,35
8,42	4,35
8,42	4,35
8,43	4,35
8,43	4,36
8,43	4,36
8,43	4,36
8,44	4,37
8,44	4,38
8,44	4,37
8,44	4,38
8,44	4,38
8,44	4,38
8,44	4,39
8,45	4,38
8,45	4,39
8,45	4,40
8,45	4,40
8,46	4,40
8,46	4,40
8,46	4,40
8,46	4,42
8,47	4,42
8,47	4,42
8,47	4,42
8,48	4,42
8,48	4,42
8,49	4,43
8,49	4,43
8,49	4,43
8,49	4,44
8,50	4,44
8,50	4,44
8,50	4,44
8,50	4,44
8,50	4,44
8,51	4,46
8,51	4,47
8,51	4,47
8,51	4,47
8,51	4,48
8,52	4,47
8,52	4,48
8,52	4,48
8,52	4,49
8,52	4,48
8,52	4,49
8,53	4,50
8,53	4,51
8,53	4,51
8,53	4,52
8,54	4,52
8,54	4,52
8,54	4,52
8,54	4,53
8,55	4,53
8,55	4,54
8,55	4,54
8,55	4,54
8,55	4,55
8,55	4,55
8,56	4,56
8,56	4,56
8,56	4,56
8,56	4,57
8,56	4,57
8,56	4,57
8,57	4,57
8,57	4,58
8,57	4,58
8,57	4,58
8,57	4,58
8,57	4,58
8,58	4,59
8,58	4,59
8,58	4,59
8,58	4,60
8,58	4,60
8,58	4,61
8,58	4,61
8,59	4,62
8,59	4,62
8,59	4,62
8,59	4,62
8,59	4,63
8,59	4,63
8,60	4,63
8,60	4,64
8,60	4,65
8,60	4,65
8,60	4,65
8,60	4,65
8,61	4,66
8,61	4,66
8,61	4,66
8,61	4,66
8,61	4,67
8,61	4,68
8,62	4,68
8,62	4,68
8,62	4,69
8,62	4,69
8,62	4,70
8,63	4,70
8,63	4,70
8,63	4,70
8,63	4,71
8,63	4,71
8,64	4,71
8,64	4,72
8,64	4,72
8,64	4,73
8,64	4,74
8,64	4,74
8,65	4,75
8,65	4,75
8,65	4,75
8,65	4,76
8,65	4,76
8,65	4,76
8,65	4,77
8,66	4,77
8,66	4,78
8,66	4,78
8,66	4,78
8,66	4,79
8,66	4,80
8,67	4,80
8,67	4,81
8,67	4,81
8,67	4,81
8,67	4,82
8,67	4,82
8,68	4,82
8,68	4,82
8,68	4,83
8,68	4,83
8,68	4,84
8,68	4,84
8,69	4,85
8,69	4,85
8,69	4,86
8,69	4,86
8,69	4,87
8,69	4,87
8,70	4,87
8,70	4,88
8,70	4,88
8,70	4,88
8,70	4,89
8,70	4,89
8,70	4,89
8,71	4,90
8,71	4,90
8,71	4,90
8,71	4,90
8,71	4,90
8,72	4,90
8,72	4,90
8,72	4,89
8,72	4,89
8,72	4,89
8,72	4,88
8,73	4,88
8,73	4,88
8,73	4,87
8,73	4,87
8,73	4,86
8,73	4,85
8,73	4,85
8,74	4,85
8,74	4,85
8,74	4,84
8,74	4,84
8,74	4,83
8,74	4,82
8,74	4,82
8,75	4,81
8,75	4,81
8,75	4,81
8,75	4,80
8,76	4,80
8,76	4,79
8,76	4,79
8,76	4,79
8,76	4,78
8,76	4,78
8,76	4,78
8,77	4,76
8,77	4,76
8,77	4,76
8,77	4,76
8,77	4,75
8,77	4,75
8,77	4,75
8,78	4,74
8,78	4,74
8,78	4,74
8,78	4,74
8,78	4,74
8,78	4,74
8,79	4,74
8,79	4,73
8,79	4,73
8,79	4,73
8,79	4,73
8,79	4,72
8,79	4,72
8,80	4,72
8,80	4,72
8,80	4,72
8,80	4,72
8,80	4,71
8,81	4,71
8,81	4,71
8,81	4,71
8,81	4,71
8,81	4,71
8,81	4,70
8,81	4,70
8,82	4,70
8,82	4,70
8,82	4,70
8,82	4,70
8,82	4,70
8,83	4,70
8,83	4,70
8,83	4,70
8,83	4,70
8,83	4,70
8,84	4,70
8,84	4,70
8,84	4,70
8,84	4,70
8,84	4,71
8,84	4,71
8,84	4,71
8,85	4,71
8,85	4,71
8,85	4,71
8,85	4,71
8,85	4,71
8,85	4,71
8,86	4,71
8,86	4,72
8,86	4,72
8,86	4,72
8,86	4,72
8,86	4,72
8,87	4,72
8,87	4,73
8,87	4,73
8,87	4,73
8,87	4,73
8,87	4,73
8,88	4,73
8,88	4,74
8,88	4,74
8,88	4,74
8,88	4,74
8,88	4,75
8,88	4,76
8,89	4,76
8,89	4,76
8,89	4,76
8,89	4,77
8,89	4,77
8,90	4,77
8,90	4,77
8,90	4,77
8,90	4,77
8,90	4,77
8,90	4,78
8,91	4,78
8,91	4,78
8,91	4,79
8,91	4,80
8,91	4,81
8,92	4,81
8,92	4,82
8,92	4,81
