Tensão U2	Tensão U1
U2/V	U1/V

0,20	0,23
0,22	0,23
0,23	0,23
0,24	0,23
0,26	0,23
0,27	0,23
0,28	0,23
0,30	0,23
0,31	0,23
0,32	0,23
0,34	0,23
0,35	0,23
0,36	0,23
0,38	0,23
0,39	0,24
0,40	0,24
0,41	0,24
0,42	0,24
0,44	0,24
0,45	0,24
0,46	0,24
0,47	0,24
0,49	0,24
0,50	0,24
0,51	0,24
0,52	0,24
0,54	0,24
0,56	0,24
0,57	0,24
0,58	0,24
0,60	0,24
0,61	0,24
0,62	0,25
0,63	0,25
0,64	0,25
0,66	0,25
0,67	0,25
0,68	0,25
0,69	0,25
0,70	0,25
0,72	0,25
0,73	0,25
0,74	0,25
0,75	0,26
0,76	0,26
0,78	0,26
0,79	0,26
0,80	0,26
0,81	0,26
0,82	0,26
0,84	0,26
0,85	0,26
0,86	0,26
0,88	0,27
0,89	0,27
0,90	0,27
0,91	0,27
0,93	0,27
0,94	0,27
0,95	0,27
0,96	0,27
0,97	0,27
0,99	0,28
1,00	0,28
1,01	0,28
1,02	0,28
1,03	0,28
1,04	0,28
1,05	0,28
1,07	0,29
1,08	0,29
1,09	0,29
1,10	0,29
1,12	0,29
1,13	0,29
1,14	0,30
1,15	0,30
1,17	0,30
1,18	0,30
1,19	0,30
1,20	0,31
1,21	0,31
1,22	0,31
1,23	0,31
1,25	0,32
1,26	0,32
1,27	0,32
1,28	0,32
1,29	0,32
1,31	0,33
1,32	0,33
1,33	0,33
1,34	0,33
1,35	0,34
1,37	0,34
1,38	0,34
1,39	0,34
1,40	0,35
1,41	0,35
1,42	0,35
1,44	0,36
1,45	0,36
1,46	0,36
1,47	0,37
1,48	0,37
1,49	0,37
1,50	0,37
1,51	0,38
1,52	0,38
1,53	0,38
1,54	0,39
1,56	0,39
1,57	0,39
1,58	0,40
1,59	0,40
1,60	0,40
1,62	0,41
1,63	0,41
1,64	0,42
1,65	0,42
1,67	0,42
1,68	0,43
1,69	0,43
1,70	0,43
1,71	0,44
1,72	0,44
1,74	0,45
1,75	0,45
1,76	0,45
1,77	0,46
1,78	0,46
1,79	0,46
1,80	0,47
1,81	0,47
1,82	0,48
1,83	0,48
1,84	0,48
1,85	0,49
1,85	0,49
1,87	0,49
1,87	0,50
1,88	0,50
1,90	0,51
1,91	0,51
1,92	0,51
1,93	0,52
1,94	0,52
1,95	0,53
1,96	0,53
1,98	0,53
1,99	0,54
2,00	0,54
2,01	0,54
2,02	0,55
2,03	0,55
2,04	0,56
2,06	0,56
2,07	0,56
2,08	0,57
2,10	0,57
2,11	0,57
2,12	0,58
2,13	0,58
2,14	0,58
2,15	0,59
2,16	0,59
2,17	0,59
2,19	0,59
2,20	0,60
2,20	0,60
2,21	0,60
2,22	0,61
2,23	0,61
2,25	0,61
2,25	0,62
2,27	0,62
2,28	0,62
2,29	0,62
2,30	0,63
2,31	0,63
2,32	0,63
2,33	0,63
2,34	0,64
2,35	0,64
2,36	0,64
2,37	0,64
2,38	0,65
2,39	0,65
2,40	0,65
2,41	0,65
2,43	0,66
2,44	0,66
2,44	0,66
2,46	0,66
2,47	0,66
2,47	0,67
2,48	0,67
2,49	0,67
2,51	0,67
2,52	0,67
2,53	0,68
2,54	0,68
2,55	0,68
2,56	0,68
2,57	0,68
2,58	0,69
2,59	0,69
2,60	0,69
2,61	0,69
2,62	0,69
2,63	0,69
2,64	0,69
2,65	0,70
2,66	0,70
2,67	0,70
2,68	0,70
2,70	0,70
2,70	0,70
2,71	0,70
2,72	0,70
2,73	0,71
2,74	0,71
2,75	0,71
2,76	0,71
2,78	0,71
2,79	0,71
2,79	0,71
2,81	0,71
2,81	0,72
2,82	0,72
2,83	0,72
2,84	0,72
2,85	0,72
2,86	0,72
2,87	0,72
2,88	0,72
2,89	0,72
2,90	0,73
2,91	0,73
2,92	0,73
2,93	0,73
2,94	0,73
2,94	0,73
2,95	0,73
2,96	0,73
2,97	0,73
2,99	0,73
3,00	0,73
3,01	0,74
3,02	0,74
3,03	0,74
3,04	0,74
3,05	0,74
3,06	0,74
3,07	0,74
3,08	0,74
3,09	0,74
3,10	0,75
3,11	0,75
3,11	0,75
3,12	0,75
3,13	0,75
3,14	0,75
3,15	0,75
3,16	0,75
3,17	0,75
3,18	0,76
3,19	0,76
3,20	0,76
3,21	0,76
3,22	0,76
3,23	0,76
3,24	0,77
3,25	0,77
3,25	0,77
3,26	0,77
3,27	0,77
3,29	0,77
3,29	0,77
3,30	0,78
3,31	0,78
3,32	0,78
3,33	0,78
3,34	0,78
3,35	0,78
3,36	0,79
3,37	0,79
3,38	0,79
3,39	0,79
3,40	0,79
3,41	0,80
3,42	0,80
3,43	0,80
3,44	0,80
3,45	0,81
3,45	0,81
3,46	0,81
3,47	0,81
3,48	0,82
3,49	0,82
3,50	0,82
3,51	0,82
3,52	0,83
3,53	0,83
3,54	0,83
3,54	0,83
3,55	0,84
3,56	0,84
3,57	0,84
3,58	0,85
3,59	0,85
3,60	0,85
3,61	0,86
3,62	0,86
3,63	0,86
3,64	0,87
3,65	0,87
3,66	0,87
3,66	0,88
3,67	0,88
3,68	0,88
3,69	0,89
3,70	0,89
3,71	0,90
3,72	0,90
3,73	0,90
3,74	0,91
3,75	0,91
3,76	0,92
3,77	0,92
3,77	0,92
3,78	0,93
3,79	0,93
3,80	0,94
3,81	0,94
3,82	0,95
3,82	0,95
3,83	0,96
3,84	0,96
3,85	0,97
3,86	0,97
3,87	0,98
3,88	0,98
3,88	0,99
3,90	1,00
3,90	1,00
3,91	1,01
3,92	1,01
3,93	1,02
3,94	1,02
3,94	1,03
3,95	1,04
3,96	1,04
3,97	1,05
3,98	1,05
3,98	1,06
3,99	1,07
4,00	1,07
4,01	1,08
4,02	1,09
4,03	1,09
4,04	1,10
4,05	1,11
4,06	1,11
4,07	1,12
4,08	1,13
4,08	1,13
4,09	1,14
4,10	1,15
4,11	1,16
4,12	1,16
4,13	1,17
4,13	1,18
4,14	1,19
4,15	1,19
4,16	1,20
4,17	1,21
4,18	1,22
4,18	1,22
4,19	1,23
4,20	1,24
4,21	1,25
4,22	1,26
4,23	1,26
4,24	1,27
4,24	1,28
4,25	1,29
4,26	1,29
4,27	1,30
4,28	1,31
4,29	1,32
4,29	1,33
4,30	1,34
4,31	1,34
4,32	1,35
4,33	1,36
4,34	1,37
4,34	1,38
4,35	1,38
4,36	1,39
4,37	1,40
4,37	1,41
4,38	1,42
4,39	1,42
4,40	1,43
4,41	1,44
4,41	1,45
4,42	1,45
4,43	1,46
4,44	1,47
4,44	1,48
4,45	1,48
4,46	1,49
4,47	1,50
4,48	1,51
4,49	1,51
4,50	1,52
4,51	1,53
4,51	1,53
4,52	1,54
4,53	1,55
4,54	1,56
4,55	1,57
4,55	1,56
4,55	1,58
4,56	1,58
4,57	1,59
4,57	1,60
4,58	1,60
4,59	1,61
4,60	1,61
4,61	1,62
4,61	1,63
4,63	1,63
4,64	1,64
4,65	1,64
4,66	1,65
4,66	1,65
4,67	1,66
4,68	1,66
4,69	1,67
4,70	1,67
4,70	1,68
4,71	1,68
4,72	1,69
4,73	1,69
4,73	1,70
4,74	1,70
4,75	1,71
4,76	1,71
4,77	1,71
4,77	1,72
4,78	1,72
4,79	1,73
4,80	1,73
4,81	1,73
4,81	1,74
4,82	1,74
4,83	1,74
4,84	1,75
4,84	1,75
4,85	1,75
4,86	1,76
4,87	1,76
4,87	1,76
4,88	1,77
4,89	1,77
4,90	1,77
4,90	1,77
4,91	1,77
4,92	1,78
4,93	1,78
4,93	1,78
4,94	1,78
4,95	1,79
4,95	1,79
4,96	1,79
4,97	1,79
4,98	1,79
4,98	1,79
4,99	1,79
5,00	1,80
5,01	1,80
5,01	1,80
5,02	1,80
5,03	1,80
5,04	1,80
5,05	1,80
5,05	1,80
5,06	1,80
5,07	1,80
5,07	1,81
5,08	1,81
5,09	1,81
5,10	1,81
5,10	1,81
5,11	1,81
5,12	1,81
5,13	1,81
5,14	1,81
5,14	1,81
5,15	1,81
5,16	1,81
5,17	1,81
5,18	1,81
5,19	1,81
5,19	1,81
5,20	1,81
5,21	1,81
5,22	1,81
5,22	1,81
5,23	1,81
5,24	1,81
5,24	1,81
5,25	1,81
5,25	1,81
5,26	1,81
5,27	1,81
5,28	1,80
5,28	1,80
5,29	1,80
5,30	1,80
5,30	1,80
5,31	1,80
5,32	1,80
5,33	1,80
5,33	1,80
5,34	1,80
5,34	1,80
5,35	1,80
5,36	1,80
5,37	1,80
5,37	1,80
5,38	1,80
5,39	1,80
5,39	1,80
5,40	1,79
5,41	1,79
5,41	1,79
5,42	1,79
5,43	1,79
5,43	1,79
5,44	1,79
5,45	1,79
5,46	1,79
5,47	1,79
5,47	1,79
5,48	1,79
5,49	1,79
5,49	1,79
5,50	1,79
5,51	1,79
5,52	1,79
5,52	1,78
5,53	1,78
5,53	1,78
5,54	1,78
5,55	1,78
5,55	1,78
5,56	1,78
5,57	1,78
5,57	1,78
5,58	1,78
5,59	1,78
5,59	1,78
5,60	1,78
5,61	1,78
5,62	1,78
5,62	1,78
5,63	1,78
5,63	1,78
5,64	1,78
5,65	1,78
5,65	1,78
5,66	1,78
5,67	1,78
5,67	1,78
5,68	1,78
5,69	1,78
5,69	1,78
5,70	1,78
5,71	1,78
5,71	1,78
5,72	1,78
5,73	1,78
5,73	1,78
5,74	1,78
5,74	1,78
5,75	1,79
5,76	1,79
5,76	1,79
5,77	1,79
5,78	1,79
5,78	1,79
5,79	1,79
5,80	1,79
5,81	1,79
5,82	1,79
5,82	1,79
5,83	1,79
5,84	1,80
5,84	1,80
5,85	1,80
5,86	1,80
5,86	1,80
5,87	1,80
5,87	1,80
5,88	1,80
5,88	1,81
5,89	1,81
5,90	1,81
5,90	1,81
5,91	1,81
5,92	1,82
5,93	1,82
5,93	1,82
5,94	1,82
5,95	1,82
5,95	1,83
5,96	1,83
5,97	1,83
5,97	1,83
5,98	1,84
5,99	1,84
5,99	1,84
5,99	1,84
6,00	1,84
6,00	1,85
6,01	1,85
6,01	1,85
6,02	1,86
6,02	1,86
6,03	1,86
6,03	1,87
6,04	1,87
6,05	1,87
6,06	1,88
6,07	1,88
6,08	1,88
6,09	1,89
6,09	1,89
6,10	1,89
6,11	1,90
6,11	1,90
6,12	1,90
6,13	1,91
6,13	1,91
6,14	1,91
6,14	1,92
6,15	1,92
6,15	1,93
6,16	1,93
6,16	1,94
6,17	1,94
6,18	1,94
6,18	1,95
6,19	1,95
6,20	1,96
6,20	1,96
6,21	1,97
6,21	1,97
6,22	1,98
6,23	1,98
6,23	1,98
6,24	1,99
6,24	2,00
6,25	2,00
6,26	2,01
6,26	2,01
6,27	2,02
6,28	2,02
6,28	2,03
6,29	2,03
6,29	2,04
6,30	2,04
6,30	2,05
6,31	2,06
6,32	2,06
6,32	2,07
6,33	2,07
6,33	2,08
6,34	2,09
6,35	2,09
6,35	2,10
6,36	2,11
6,37	2,11
6,38	2,12
6,38	2,13
6,39	2,13
6,39	2,14
6,40	2,15
6,41	2,15
6,41	2,16
6,41	2,17
6,42	2,17
6,43	2,18
6,43	2,19
6,44	2,20
6,44	2,20
6,45	2,21
6,46	2,22
6,46	2,22
6,47	2,23
6,48	2,24
6,48	2,25
6,49	2,25
6,49	2,26
6,50	2,27
6,50	2,28
6,51	2,29
6,51	2,29
6,52	2,30
6,53	2,31
6,53	2,32
6,54	2,33
6,54	2,33
6,55	2,34
6,55	2,35
6,56	2,36
6,57	2,37
6,57	2,38
6,57	2,39
6,58	2,40
6,59	2,41
6,59	2,41
6,60	2,42
6,60	2,43
6,61	2,44
6,61	2,45
6,62	2,46
6,63	2,47
6,63	2,48
6,64	2,49
6,64	2,50
6,65	2,51
6,66	2,52
6,66	2,53
6,67	2,54
6,67	2,55
6,68	2,56
6,68	2,57
6,69	2,58
6,69	2,59
6,70	2,60
6,70	2,61
6,71	2,62
6,72	2,63
6,72	2,64
6,73	2,65
6,73	2,66
6,74	2,67
6,75	2,68
6,75	2,69
6,75	2,70
6,76	2,71
6,77	2,72
6,77	2,73
6,78	2,74
6,78	2,75
6,79	2,76
6,79	2,78
6,80	2,79
6,81	2,80
6,81	2,81
6,81	2,82
6,82	2,83
6,82	2,84
6,83	2,85
6,84	2,86
6,84	2,88
6,85	2,89
6,85	2,90
6,86	2,91
6,87	2,92
6,87	2,93
6,88	2,94
6,88	2,95
6,89	2,96
6,89	2,97
6,90	2,98
6,90	3,00
6,91	3,01
6,92	3,02
6,92	3,03
6,93	3,04
6,94	3,05
6,94	3,06
6,95	3,07
6,95	3,08
6,96	3,09
6,96	3,10
6,97	3,11
6,97	3,12
6,97	3,13
6,98	3,14
6,98	3,15
6,99	3,16
6,99	3,17
6,99	3,18
7,00	3,19
7,00	3,20
7,01	3,21
7,02	3,22
7,02	3,23
7,03	3,24
7,03	3,25
7,04	3,26
7,04	3,27
7,05	3,28
7,06	3,29
7,06	3,30
7,07	3,31
7,07	3,32
7,08	3,32
7,08	3,33
7,09	3,34
7,09	3,35
7,10	3,36
7,10	3,37
7,11	3,38
7,11	3,38
7,12	3,39
7,12	3,40
7,13	3,41
7,13	3,42
7,14	3,42
7,14	3,43
7,15	3,44
7,15	3,45
7,16	3,45
7,16	3,46
7,17	3,47
7,17	3,47
7,18	3,48
7,18	3,49
7,19	3,50
7,19	3,50
7,20	3,51
7,20	3,51
7,21	3,52
7,21	3,53
7,22	3,53
7,22	3,54
7,23	3,54
7,24	3,55
7,24	3,56
7,24	3,56
7,25	3,57
7,26	3,57
7,26	3,58
7,26	3,58
7,27	3,59
7,27	3,59
7,28	3,60
7,28	3,60
7,29	3,60
7,29	3,61
7,30	3,61
7,30	3,62
7,31	3,62
7,31	3,63
7,32	3,63
7,32	3,63
7,33	3,64
7,34	3,64
7,34	3,64
7,34	3,65
7,35	3,65
7,35	3,66
7,36	3,66
7,36	3,66
7,36	3,66
7,37	3,67
7,37	3,67
7,38	3,67
7,38	3,68
7,39	3,68
7,40	3,68
7,40	3,68
7,41	3,68
7,42	3,69
7,42	3,69
7,43	3,69
7,44	3,69
7,44	3,69
7,45	3,69
7,45	3,70
7,46	3,70
7,46	3,70
7,46	3,70
7,47	3,70
7,47	3,70
7,47	3,70
7,48	3,70
7,48	3,71
7,49	3,71
7,49	3,71
7,50	3,71
7,50	3,71
7,50	3,71
7,51	3,71
7,51	3,71
7,51	3,71
7,52	3,71
7,53	3,71
7,54	3,71
7,54	3,71
7,55	3,71
7,55	3,71
7,56	3,71
7,56	3,71
7,57	3,71
7,57	3,71
7,58	3,71
7,58	3,71
7,59	3,71
7,59	3,70
7,59	3,70
7,60	3,70
7,61	3,70
7,61	3,70
7,62	3,70
7,63	3,70
7,63	3,70
7,64	3,70
7,64	3,69
7,64	3,69
7,65	3,69
7,66	3,69
7,66	3,68
7,66	3,69
7,66	3,68
7,67	3,68
7,68	3,68
7,68	3,68
7,68	3,68
7,69	3,67
7,69	3,67
7,70	3,67
7,70	3,67
7,71	3,67
7,72	3,67
7,72	3,66
7,72	3,66
7,72	3,66
7,72	3,66
7,73	3,66
7,73	3,65
7,74	3,65
7,74	3,65
7,75	3,65
7,75	3,64
7,76	3,64
7,76	3,64
7,77	3,64
7,77	3,64
7,78	3,63
7,78	3,63
7,78	3,63
7,79	3,63
7,79	3,63
7,80	3,63
7,80	3,62
7,81	3,62
7,81	3,62
7,82	3,62
7,82	3,61
7,83	3,61
7,83	3,61
7,84	3,61
7,84	3,60
7,84	3,60
7,84	3,60
7,85	3,60
7,85	3,59
7,86	3,59
7,86	3,59
7,87	3,59
7,87	3,59
7,87	3,58
7,88	3,58
7,89	3,58
7,89	3,58
7,89	3,58
7,90	3,57
7,90	3,57
7,91	3,57
7,91	3,57
7,91	3,56
7,92	3,56
7,92	3,56
7,93	3,56
7,93	3,55
7,93	3,55
7,94	3,55
7,94	3,55
7,95	3,55
7,95	3,54
7,96	3,54
7,96	3,54
7,97	3,54
7,97	3,54
7,98	3,53
7,98	3,53
7,98	3,53
7,99	3,53
7,99	3,53
7,99	3,52
8,00	3,52
8,00	3,52
8,01	3,52
8,01	3,51
8,01	3,51
8,02	3,51
8,02	3,51
8,02	3,51
8,03	3,50
8,04	3,50
8,04	3,50
8,05	3,50
8,05	3,50
8,05	3,50
8,06	3,50
8,06	3,49
8,07	3,49
8,07	3,49
8,08	3,49
8,08	3,49
8,08	3,48
8,09	3,48
8,09	3,48
8,10	3,48
8,10	3,48
8,10	3,48
8,11	3,47
8,11	3,47
8,11	3,47
8,12	3,47
8,12	3,47
8,13	3,47
8,13	3,47
8,13	3,47
8,14	3,46
8,14	3,46
8,15	3,46
8,15	3,46
8,16	3,46
8,16	3,46
8,17	3,46
8,17	3,46
8,18	3,45
8,19	3,45
8,19	3,45
8,19	3,45
8,20	3,45
8,20	3,45
8,21	3,45
8,21	3,45
8,21	3,45
8,21	3,45
8,22	3,44
8,22	3,44
8,22	3,44
8,23	3,44
8,23	3,44
8,24	3,44
8,24	3,44
8,25	3,44
8,25	3,44
8,25	3,44
8,26	3,44
8,26	3,44
8,27	3,44
8,27	3,44
8,27	3,44
8,27	3,44
8,28	3,44
8,28	3,44
8,28	3,44
8,29	3,44
8,29	3,44
8,30	3,44
8,30	3,44
8,31	3,44
8,31	3,44
8,32	3,44
8,32	3,44
8,32	3,44
8,33	3,44
8,33	3,44
8,34	3,44
8,34	3,44
8,34	3,44
8,35	3,44
8,35	3,44
8,35	3,44
8,36	3,44
8,36	3,44
8,37	3,44
8,37	3,44
8,37	3,44
8,38	3,44
8,38	3,44
8,38	3,44
8,39	3,44
8,39	3,44
8,40	3,45
8,40	3,45
8,40	3,45
8,40	3,45
8,41	3,45
8,41	3,45
8,41	3,45
8,42	3,45
8,42	3,45
8,43	3,45
8,43	3,45
8,44	3,45
8,44	3,46
8,44	3,46
8,45	3,46
8,46	3,46
8,46	3,46
8,46	3,46
8,46	3,46
8,47	3,46
8,47	3,47
8,48	3,47
8,48	3,47
8,48	3,47
8,48	3,47
8,49	3,47
8,49	3,48
8,49	3,48
8,50	3,48
8,50	3,48
8,51	3,49
8,51	3,49
8,51	3,49
8,52	3,50
8,52	3,50
8,52	3,50
8,53	3,51
8,53	3,51
8,54	3,51
8,54	3,52
8,54	3,52
8,55	3,52
8,55	3,53
8,56	3,53
8,56	3,54
8,56	3,54
8,57	3,55
8,57	3,55
8,57	3,56
8,58	3,56
8,58	3,57
8,58	3,57
8,58	3,58
8,59	3,58
8,59	3,59
8,59	3,59
8,60	3,60
8,60	3,60
8,60	3,61
8,61	3,62
8,61	3,62
8,61	3,63
8,61	3,63
8,62	3,64
8,62	3,64
8,63	3,65
8,63	3,66
8,63	3,66
8,64	3,67
8,65	3,68
8,65	3,68
8,65	3,69
8,66	3,70
8,66	3,70
8,66	3,71
8,67	3,72
8,67	3,72
8,67	3,73
8,68	3,74
8,68	3,74
8,68	3,75
8,69	3,76
8,69	3,76
8,69	3,77
8,69	3,78
8,70	3,78
8,70	3,79
8,70	3,80
8,70	3,80
8,71	3,81
8,71	3,82
8,71	3,83
8,72	3,83
8,72	3,84
8,72	3,85
8,73	3,85
8,73	3,86
8,74	3,87
8,74	3,88
8,74	3,88
8,75	3,89
8,75	3,90
8,76	3,91
8,76	3,91
8,76	3,92
8,77	3,93
8,77	3,94
8,77	3,95
8,78	3,95
8,78	3,96
8,78	3,97
8,79	3,98
8,79	3,99
8,79	4,00
8,80	4,01
8,80	4,02
8,80	4,03
8,80	4,03
8,81	4,04
8,81	4,05
8,81	4,06
8,82	4,07
8,82	4,07
8,83	4,08
8,83	4,09
8,83	4,10
8,84	4,11
8,84	4,11
8,84	4,12
8,85	4,13
8,85	4,14
8,85	4,15
8,86	4,15
8,86	4,16
8,86	4,17
8,87	4,18
8,87	4,19
8,87	4,20
8,88	4,20
8,88	4,21
8,88	4,22
8,89	4,23
8,89	4,24
8,90	4,25
8,90	4,25
8,90	4,26
8,90	4,27
8,91	4,28
8,91	4,29
8,91	4,30
8,92	4,31
8,92	4,31
8,92	4,32
8,93	4,33
8,93	4,34
8,93	4,35
8,94	4,36
8,94	4,37
8,94	4,38
8,95	4,38
8,95	4,39
8,95	4,40
8,96	4,41
8,96	4,42
8,96	4,43
8,97	4,44
8,97	4,45
8,97	4,46
8,98	4,47
8,98	4,47
8,98	4,48
8,99	4,49
8,99	4,50
8,99	4,51
8,99	4,52
9,00	4,53
9,00	4,54
9,00	4,55
9,00	4,56
9,01	4,57
9,01	4,57
9,01	4,58
9,02	4,59
9,02	4,60
9,02	4,61
9,03	4,62
9,03	4,63
9,03	4,64
9,04	4,65
9,04	4,66
9,04	4,67
9,05	4,68
9,05	4,68
9,05	4,69
9,06	4,70
9,06	4,71
9,06	4,72
9,06	4,73
9,07	4,74
9,07	4,75
9,07	4,76
9,08	4,77
9,08	4,78
9,08	4,79
9,09	4,80
9,09	4,80
9,09	4,81
9,10	4,82
9,10	4,83
9,10	4,84
9,10	4,85
9,11	4,86
9,11	4,87
9,11	4,88
9,12	4,89
9,12	4,91
9,12	4,90
9,13	4,93
9,13	4,94
9,14	4,95
9,14	4,95
9,14	4,96
9,15	4,97
9,16	4,98
9,16	4,99
9,16	5,00
9,16	5,01
9,17	5,02
9,17	5,06
9,17	5,07
9,17	5,08
9,18	5,09
9,18	5,10
9,18	5,11
9,19	5,12
9,19	5,13
9,19	5,13
9,20	5,14
9,20	5,15
9,21	5,16
9,21	5,18
9,21	5,17
9,21	5,19
9,21	5,20
9,22	5,21
9,22	5,23
9,23	5,24
9,23	5,26
9,23	5,28
9,24	5,29
9,24	5,30
9,25	5,31
9,25	5,32
9,26	5,33
9,26	5,34
9,26	5,35
9,26	5,36
9,27	5,37
9,27	5,38
9,27	5,39
9,27	5,40
9,28	5,42
9,28	5,43
9,28	5,43
9,28	5,44
9,28	5,45
9,29	5,46
9,29	5,47
9,30	5,48
9,30	5,50
9,31	5,51
9,31	5,52
9,31	5,54
9,31	5,55
9,31	5,57
9,31	5,58
9,32	5,59
9,32	5,60
9,33	5,61
9,33	5,62
9,33	5,63
9,34	5,64
9,34	5,65
9,34	5,65
9,35	5,66
9,35	5,67
9,35	5,68
9,35	5,69
9,36	5,70
9,36	5,71
9,37	5,72
9,37	5,73
9,37	5,74
9,38	5,75
9,38	5,76
9,38	5,77
9,38	5,77
9,39	5,78
9,39	5,79
9,39	5,80
9,39	5,81
9,40	5,82
9,40	5,83
9,40	5,84
9,40	5,85
9,40	5,86
9,41	5,86
9,41	5,87
9,41	5,88
9,41	5,89
9,42	5,90
9,42	5,91
9,42	5,92
9,42	5,92
9,43	5,93
9,43	5,94
9,43	5,95
9,44	5,96
9,44	5,97
9,44	5,97
9,45	5,98
9,45	5,99
9,45	6,00
9,46	6,01
9,46	6,02
9,46	6,02
9,46	6,03
9,46	6,04
9,47	6,05
9,47	6,06
9,47	6,07
9,47	6,08
9,47	6,09
9,48	6,09
9,48	6,10
9,48	6,11
9,49	6,12
9,49	6,12
9,49	6,13
9,50	6,14
9,50	6,15
9,51	6,15
9,51	6,17
9,51	6,16
9,51	6,18
9,51	6,19
9,52	6,20
9,52	6,20
9,52	6,22
9,53	6,23
9,54	6,24
9,54	6,24
9,54	6,26
9,55	6,27
9,55	6,28
9,55	6,28
9,56	6,29
9,56	6,30
9,57	6,31
9,57	6,31
9,57	6,32
9,57	6,33
9,57	6,33
9,58	6,34
9,58	6,34
9,58	6,35
9,58	6,35
9,59	6,36
9,59	6,37
9,59	6,37
9,59	6,38
9,59	6,38
9,60	6,39
9,60	6,39
9,60	6,40
9,60	6,40
9,60	6,41
9,61	6,41
9,61	6,42
9,61	6,42
9,62	6,43
9,62	6,44
9,62	6,44
9,63	6,44
9,63	6,45
9,63	6,45
9,63	6,46
9,64	6,46
9,64	6,47
9,64	6,47
9,64	6,48
9,65	6,48
9,65	6,49
9,65	6,50
9,65	6,50
9,66	6,50
9,66	6,51
9,66	6,51
9,66	6,52
9,66	6,52
9,66	6,53
9,67	6,53
9,67	6,53
9,67	6,54
9,67	6,54
9,68	6,54
9,68	6,55
9,68	6,55
9,69	6,56
9,69	6,56
9,69	6,56
9,69	6,57
9,70	6,57
9,70	6,57
9,70	6,58
9,71	6,58
9,71	6,58
9,71	6,59
9,71	6,59
9,72	6,59
9,72	6,60
9,72	6,60
9,72	6,60
9,73	6,61
9,73	6,61
9,73	6,61
9,73	6,61
9,73	6,62
9,73	6,62
9,74	6,63
9,74	6,63
9,74	6,63
9,74	6,63
9,74	6,63
9,75	6,64
9,75	6,64
9,75	6,64
9,75	6,64
9,76	6,65
9,76	6,65
9,76	6,65
9,77	6,65
9,77	6,65
9,77	6,66
9,78	6,66
9,78	6,66
9,78	6,66
9,78	6,66
9,78	6,67
9,78	6,67
9,78	6,67
9,79	6,67
9,79	6,68
9,79	6,68
9,80	6,68
9,80	6,68
9,80	6,68
9,81	6,68
9,81	6,68
9,81	6,68
9,81	6,68
9,82	6,69
9,82	6,69
9,82	6,69
9,82	6,69
9,82	6,69
9,83	6,69
9,83	6,69
9,83	6,69
9,83	6,70
9,83	6,70
9,84	6,70
9,84	6,70
9,84	6,70
9,84	6,70
9,84	6,70
9,85	6,70
9,85	6,70
9,85	6,70
9,85	6,70
9,86	6,70
9,86	6,71
9,86	6,71
9,86	6,71
9,87	6,71
9,87	6,71
9,87	6,71
9,87	6,71
9,88	6,71
9,88	6,71
9,88	6,71
9,89	6,71
9,89	6,71
9,89	6,71
9,89	6,71
9,89	6,71
9,90	6,71
9,90	6,71
9,90	6,71
9,90	6,71
9,91	6,71
9,91	6,71
9,91	6,71
9,91	6,71
9,91	6,71
9,92	6,71
9,92	6,71
9,93	6,71
9,93	6,71
9,93	6,71
9,93	6,71
9,93	6,71
9,93	6,71
9,94	6,70
9,94	6,70
9,94	6,70
9,94	6,70
9,95	6,70
9,95	6,70
9,95	6,70
9,95	6,70
9,95	6,70
9,96	6,70
9,96	6,70
9,96	6,70
9,96	6,70
9,96	6,70
9,97	6,69
9,97	6,69
9,97	6,69
9,97	6,69
9,98	6,69
9,98	6,69
9,98	6,69
9,98	6,69
9,99	6,69
9,99	6,69
9,99	6,68
9,99	6,68
10,00	6,68
10,00	6,68
10,00	6,68
10,01	6,68
10,01	6,68
10,01	6,68
10,01	6,68
10,01	6,67
10,02	6,67
10,02	6,67
10,02	6,67
10,02	6,67
10,02	6,67
10,02	6,67
10,03	6,66
10,03	6,66
10,03	6,66
10,03	6,66
10,03	6,66
10,03	6,65
10,04	6,65
10,04	6,65
10,04	6,65
10,04	6,65
10,04	6,65
10,05	6,64
10,05	6,64
10,05	6,64
10,06	6,64
10,06	6,64
10,06	6,64
10,06	6,63
10,07	6,63
10,07	6,63
10,07	6,63
10,07	6,63
10,08	6,63
10,08	6,62
10,08	6,62
10,08	6,61
10,08	6,61
10,09	6,61
10,09	6,60
10,09	6,60
10,09	6,60
10,10	6,59
10,10	6,59
10,10	6,59
10,10	6,59
10,11	6,58
10,11	6,58
10,11	6,58
10,11	6,58
10,12	6,57
10,12	6,57
10,12	6,57
10,13	6,56
10,13	6,56
10,13	6,56
10,14	6,55
10,14	6,55
10,14	6,55
10,14	6,55
10,15	6,55
10,15	6,54
10,16	6,54
10,16	6,54
10,17	6,54
10,17	6,53
10,18	6,53
10,18	6,53
10,18	6,53
10,18	6,52
10,18	6,52
10,19	6,52
10,19	6,51
10,19	6,51
10,19	6,51
10,19	6,51
10,20	6,50
10,20	6,50
10,20	6,49
10,20	6,49
10,21	6,49
10,21	6,49
10,21	6,49
10,22	6,48
10,22	6,48
10,22	6,48
10,22	6,48
10,23	6,47
10,23	6,47
10,23	6,47
10,23	6,46
10,23	6,46
10,24	6,46
10,24	6,46
10,24	6,45
10,24	6,45
10,25	6,45
10,25	6,45
10,25	6,44
10,25	6,44
10,26	6,44
10,26	6,44
10,26	6,44
10,26	6,43
10,26	6,43
10,26	6,43
10,27	6,42
10,27	6,42
10,27	6,42
10,27	6,41
10,27	6,41
10,28	6,41
10,28	6,41
10,28	6,40
10,29	6,40
10,29	6,40
10,29	6,40
10,29	6,40
10,29	6,39
10,30	6,39
10,30	6,38
10,30	6,38
10,31	6,38
10,31	6,38
10,31	6,38
10,31	6,37
10,31	6,37
10,32	6,37
10,32	6,37
10,32	6,36
10,32	6,36
10,32	6,36
10,33	6,36
10,33	6,35
10,33	6,35
10,33	6,35
10,34	6,35
10,34	6,35
10,34	6,34
10,34	6,34
10,35	6,34
10,35	6,34
10,35	6,34
10,35	6,34
10,35	6,33
10,36	6,34
10,36	6,33
10,36	6,33
10,36	6,32
10,37	6,32
10,37	6,32
10,37	6,32
10,38	6,31
10,38	6,31
10,38	6,31
10,38	6,30
10,39	6,30
10,39	6,30
10,39	6,30
10,39	6,30
10,39	6,30
10,40	6,29
10,40	6,29
10,40	6,28
10,40	6,29
10,40	6,28
10,41	6,28
10,41	6,28
10,41	6,28
10,42	6,28
10,42	6,28
10,42	6,28
10,43	6,27
10,43	6,27
10,43	6,27
10,43	6,27
10,44	6,27
10,44	6,27
10,44	6,26
10,44	6,27
10,44	6,27
10,44	6,25
10,45	6,25
10,45	6,25
10,45	6,25
10,45	6,25
10,45	6,25
10,46	6,25
10,46	6,25
10,46	6,24
10,46	6,24
10,47	6,24
10,47	6,24
10,47	6,24
10,47	6,24
10,47	6,24
10,48	6,24
10,48	6,23
10,48	6,23
10,48	6,23
10,48	6,23
10,49	6,23
10,49	6,23
10,49	6,23
10,49	6,22
10,50	6,22
10,50	6,22
10,50	6,22
10,50	6,22
10,50	6,22
10,50	6,22
10,51	6,21
10,51	6,21
10,51	6,21
10,51	6,21
10,51	6,21
10,51	6,21
10,52	6,21
10,52	6,21
10,52	6,20
10,52	6,20
10,52	6,20
10,52	6,20
10,52	6,20
10,53	6,20
10,53	6,20
10,53	6,20
10,53	6,19
10,54	6,19
10,54	6,19
10,54	6,19
10,54	6,19
10,54	6,19
10,55	6,19
10,55	6,19
10,55	6,19
10,55	6,19
10,55	6,18
10,55	6,18
10,56	6,18
10,56	6,18
10,56	6,18
10,56	6,18
10,56	6,18
10,56	6,18
10,56	6,18
10,57	6,18
10,57	6,17
10,57	6,17
10,57	6,17
10,57	6,17
10,57	6,17
10,58	6,17
10,58	6,17
10,58	6,17
10,58	6,17
10,58	6,17
10,59	6,17
10,59	6,17
10,59	6,17
10,59	6,16
10,59	6,16
10,60	6,16
10,60	6,16
10,60	6,16
10,60	6,16
10,60	6,16
10,60	6,16
10,61	6,16
10,61	6,16
10,61	6,16
10,61	6,16
10,62	6,16
10,62	6,16
10,62	6,15
10,62	6,15
10,63	6,15
10,63	6,15
10,63	6,15
10,63	6,15
10,63	6,15
10,63	6,15
10,64	6,15
10,64	6,15
10,64	6,15
10,64	6,15
10,64	6,15
10,65	6,15
10,65	6,14
10,65	6,14
10,65	6,14
10,65	6,14
10,66	6,14
10,66	6,14
10,66	6,14
10,66	6,14
10,66	6,14
10,66	6,14
10,67	6,14
10,67	6,14
10,67	6,14
10,67	6,14
10,67	6,14
10,67	6,14
10,68	6,14
10,68	6,14
10,68	6,14
10,68	6,14
10,68	6,14
10,68	6,14
10,69	6,14
10,69	6,14
10,69	6,14
10,69	6,14
10,69	6,14
10,69	6,14
10,70	6,14
10,70	6,14
10,70	6,14
10,70	6,14
10,70	6,14
10,70	6,14
10,71	6,14
10,71	6,14
10,71	6,14
10,71	6,14
10,71	6,14
10,71	6,14
10,72	6,14
10,72	6,13
10,72	6,13
10,72	6,13
10,73	6,14
10,73	6,14
10,73	6,14
10,73	6,14
10,74	6,14
10,74	6,14
10,74	6,14
10,75	6,14
10,75	6,14
10,75	6,14
10,75	6,16
10,75	6,39
10,75	6,42
10,76	6,45
10,76	6,50
10,76	6,55
10,76	6,57
10,76	6,59
10,76	6,60
10,77	6,62
10,77	6,63
10,77	6,64
10,77	6,65
10,77	6,66
10,78	6,67
10,78	6,67
10,78	6,67
10,78	6,67
10,78	6,67
10,78	6,66
10,79	6,66
10,79	6,66
10,79	6,65
10,79	6,65
10,79	6,64
10,80	6,64
10,80	6,62
10,80	6,59
10,80	6,57
10,80	6,55
10,80	6,55
10,80	6,54
10,81	6,53
10,81	6,52
10,81	6,52
10,81	6,51
10,81	6,50
10,81	6,48
10,82	6,48
10,82	6,47
10,82	6,46
10,82	6,45
10,82	6,44
10,83	6,44
10,83	6,42
10,83	6,42
10,83	6,41
10,83	6,41
10,83	6,40
10,84	6,40
10,84	6,39
10,84	6,38
10,84	6,37
10,84	6,37
10,84	6,37
10,85	6,35
10,85	6,33
10,85	6,33
10,85	6,33
10,85	6,32
10,85	6,32
10,85	6,32
10,86	6,31
10,86	6,31
10,86	6,31
10,86	6,30
10,86	6,30
10,86	6,29
10,86	6,29
10,87	6,29
10,87	6,28
10,87	6,28
10,87	6,28
10,87	6,28
10,88	6,27
10,88	6,27
10,88	6,27
10,88	6,27
10,88	6,26
10,88	6,26
10,88	6,26
10,89	6,26
10,89	6,26
10,89	6,26
10,89	6,25
10,89	6,25
10,90	6,25
10,90	6,25
10,90	6,25
10,90	6,25
10,90	6,25
10,90	6,25
10,90	6,25
10,91	6,25
10,91	6,25
10,91	6,25
10,91	6,25
10,91	6,25
10,91	6,25
10,92	6,25
10,92	6,25
10,92	6,25
10,92	6,25
10,92	6,24
10,92	6,24
10,92	6,24
10,93	6,25
10,93	6,25
10,93	6,25
10,93	6,25
10,93	6,25
10,93	6,25
10,94	6,25
10,94	6,25
10,94	6,25
10,94	6,25
10,94	6,25
10,94	6,25
10,94	6,25
10,95	6,25
10,95	6,25
10,95	6,25
10,95	6,26
10,95	6,26
10,95	6,26
10,96	6,26
10,96	6,26
10,96	6,26
10,96	6,26
10,96	6,26
10,96	6,26
10,97	6,26
10,97	6,27
10,97	6,27
10,97	6,27
10,97	6,27
10,97	6,27
10,98	6,27
10,98	6,27
10,98	6,27
10,98	6,27
10,98	6,28
10,98	6,28
10,99	6,28
10,99	6,28
10,99	6,28
10,99	6,28
10,99	6,28
10,99	6,29
10,99	6,29
11,00	6,29
11,00	6,29
11,00	6,29
11,00	6,30
11,00	6,30
11,01	6,30
11,01	6,30
11,01	6,30
11,02	6,30
11,02	6,30
11,02	6,31
11,02	6,32
11,02	6,32
11,03	6,32
11,03	6,32
11,03	6,32
11,03	6,32
11,03	6,33
11,04	6,34
11,04	6,34
11,04	6,34
11,04	6,34
11,04	6,34
11,05	6,35
11,05	6,35
11,05	6,35
11,05	6,35
11,05	6,35
11,05	6,36
11,06	6,36
11,06	6,36
11,06	6,36
11,06	6,37
11,06	6,37
11,06	6,37
11,07	6,37
11,07	6,38
11,07	6,38
11,07	6,38
11,07	6,38
11,08	6,38
11,08	6,39
11,08	6,39
11,08	6,40
11,08	6,40
11,09	6,40
11,09	6,40
11,09	6,40
11,09	6,41
11,09	6,41
11,09	6,41
11,10	6,41
11,10	6,41
11,10	6,41
11,10	6,42
11,10	6,42
11,10	6,42
11,10	6,42
11,11	6,43
11,11	6,44
11,11	6,44
11,11	6,44
11,11	6,44
11,12	6,44
11,12	6,45
11,12	6,47
11,12	6,45
11,13	6,45
11,13	6,45
11,13	6,45
11,13	6,45
11,13	6,46
11,13	6,47
11,14	6,47
11,14	6,48
11,14	6,48
11,14	6,49
11,14	6,48
11,14	6,48
11,15	6,50
11,15	6,50
11,15	6,51
11,15	6,50
11,16	6,52
11,16	6,52
11,16	6,52
11,16	6,52
11,16	6,52
11,16	6,52
11,17	6,53
11,17	6,53
11,17	6,53
11,17	6,55
11,18	6,55
11,18	6,55
11,18	6,56
11,18	6,56
11,18	6,56
11,19	6,56
11,19	6,58
11,19	6,58
11,19	6,59
11,19	6,59
11,20	6,59
11,20	6,60
11,20	6,60
11,20	6,60
11,20	6,62
11,21	6,62
11,21	6,62
11,21	6,62
11,21	6,62
11,21	6,63
11,22	6,63
11,22	6,63
11,22	6,63
11,22	6,64
11,22	6,64
11,22	6,65
11,23	6,65
11,23	6,66
11,23	6,67
11,23	6,67
11,23	6,67
11,23	6,68
11,23	6,68
11,24	6,68
11,24	6,69
11,24	6,69
11,24	6,70
11,24	6,70
11,25	6,70
11,25	6,71
11,25	6,71
11,25	6,71
11,25	6,71
11,25	6,72
11,25	6,72
11,26	6,73
11,26	6,74
11,26	6,74
11,26	6,74
11,26	6,75
11,27	6,75
11,27	6,76
11,27	6,76
11,27	6,76
11,27	6,77
11,27	6,77
11,28	6,77
11,28	6,78
11,28	6,78
11,28	6,79
11,28	6,80
11,28	6,80
11,29	6,80
11,29	6,80
11,29	6,81
11,29	6,81
11,30	6,82
11,30	6,82
11,30	6,83
11,30	6,84
11,30	6,84
11,30	6,86
11,30	6,84
11,31	6,85
11,31	6,85
11,31	6,84
11,31	6,85
11,31	6,87
11,31	6,87
11,32	6,87
11,32	6,88
11,32	6,88
11,32	6,89
11,32	6,90
11,32	6,91
11,32	6,91
11,33	6,92
11,33	6,92
11,33	6,92
11,33	6,93
11,33	6,93
11,33	6,93
11,34	6,93
11,34	6,93
11,34	6,94
11,34	6,94
11,34	6,94
11,35	6,96
11,35	6,95
11,35	6,96
11,35	6,97
11,35	6,99
11,35	6,99
11,36	7,01
11,36	7,01
11,36	7,01
11,36	7,02
11,36	7,02
11,37	7,03
11,37	7,02
11,37	7,04
11,37	7,05
11,38	7,05
11,38	7,05
11,38	7,05
11,38	7,06
11,38	7,05
11,38	7,09
11,39	7,07
11,39	7,07
11,39	7,07
11,39	7,07
11,39	7,07
11,39	7,08
11,40	7,11
11,40	7,11
11,40	7,11
11,40	7,12
11,41	7,12
11,41	7,12
11,41	7,14
11,41	7,13
11,41	7,14
11,41	7,13
11,42	7,14
11,42	7,18
11,42	7,18
11,42	7,18
11,43	7,20
11,43	7,20
11,43	7,21
11,43	7,23
11,43	7,22
11,43	7,22
11,44	7,21
11,44	7,24
11,44	7,21
11,44	7,24
11,44	7,24
11,44	7,24
11,45	7,25
11,45	7,25
11,45	7,27
11,45	7,25
11,45	7,25
11,45	7,28
11,46	7,28
11,46	7,28
11,46	7,28
11,46	7,29
11,46	7,32
11,46	7,29
11,46	7,33
11,47	7,30
11,47	7,29
11,47	7,35
11,47	7,36
11,47	7,36
11,48	7,39
11,48	7,41
11,48	7,37
11,48	7,37
11,48	7,38
11,48	7,37
11,48	7,42
11,49	7,45
11,49	7,45
11,49	7,46
11,49	7,48
11,49	7,47
11,49	7,48
11,49	7,48
11,50	7,49
11,50	7,49
11,50	7,50
11,50	7,51
11,50	7,51
11,51	7,54
11,51	7,55
11,51	7,56
11,51	7,56
11,51	7,56
11,51	7,57
11,52	7,58
11,52	7,59
11,52	7,58
11,52	7,60
11,52	7,59
11,52	7,60
11,53	7,60
11,53	7,62
11,53	7,60
11,53	7,64
11,53	7,67
11,53	7,68
11,53	7,67
11,54	7,68
11,54	7,68
11,54	7,69
11,54	7,70
11,54	7,70
11,54	7,70
11,55	7,73
11,55	7,75
11,55	7,74
11,55	7,74
11,55	7,75
11,55	7,75
11,55	7,77
11,56	7,78
11,56	7,78
11,56	7,79
11,56	7,81
11,56	7,79
11,57	7,81
11,57	7,82
11,57	7,84
11,57	7,83
11,57	7,82
11,58	7,83
11,58	7,83
11,58	7,85
11,58	7,91
11,58	7,85
11,58	7,85
11,58	7,85
11,59	7,86
11,59	7,85
11,59	7,86
11,59	7,90
11,59	7,89
11,59	7,89
11,60	7,92
11,60	7,93
11,60	7,94
11,60	7,95
11,60	7,95
11,60	7,95
11,60	7,97
11,61	7,95
11,61	7,98
11,61	7,98
11,61	7,98
11,61	7,98
11,62	7,99
11,62	7,99
11,62	8,00
11,62	7,99
11,62	8,03
11,63	8,06
11,63	8,06
11,63	8,07
11,63	8,08
11,63	8,08
11,64	8,08
11,64	8,08
11,64	8,09
11,64	8,09
11,64	8,11
11,64	8,13
11,64	8,14
11,65	8,15
11,65	8,17
11,65	8,18
11,65	8,18
11,65	8,18
11,65	8,20
11,66	8,21
11,66	8,21
11,66	8,21
11,66	8,22
11,66	8,22
11,66	8,23
11,67	8,25
11,67	8,24
11,67	8,25
11,67	8,26
11,67	8,27
11,68	8,30
11,68	8,31
11,68	8,30
11,68	8,32
11,68	8,32
11,68	8,32
11,69	8,36
11,69	8,36
11,69	8,33
11,69	8,33
11,69	8,34
11,69	8,33
11,70	8,37
11,70	8,38
11,70	8,38
11,70	8,38
11,70	8,42
11,70	8,42
11,71	8,44
11,71	8,44
11,71	8,46
11,71	8,47
11,71	8,48
11,71	8,48
11,72	8,49
11,72	8,51
11,72	8,52
11,72	8,52
11,72	8,52
11,72	8,53
11,72	8,53
11,73	8,53
11,73	8,53
11,73	8,54
11,73	8,57
11,73	8,61
11,73	8,61
11,73	8,61
11,74	8,62
11,74	8,62
11,74	8,63
11,74	8,64
11,74	8,64
11,74	8,65
11,74	8,65
11,75	8,67
11,75	8,67
11,75	8,68
11,75	8,68
11,75	8,68
11,75	8,71
11,76	8,72
11,76	8,72
11,76	8,74
11,76	8,76
11,76	8,78
11,76	8,77
11,76	8,77
11,77	8,79
11,77	8,80
11,77	8,80
11,77	8,80
11,77	8,80
11,77	8,80
11,77	8,83
11,78	8,85
11,78	8,86
11,78	8,86
11,78	8,87
11,78	8,88
11,78	8,89
11,79	8,89
11,79	8,91
11,79	8,91
11,79	8,92
11,79	8,93
11,79	8,95
11,79	8,93
11,80	8,93
11,80	8,93
11,80	8,93
11,80	8,97
11,80	8,99
11,80	8,98
11,81	8,98
11,81	8,99
11,81	8,99
11,81	9,00
11,81	9,00
11,81	9,05
11,81	9,06
11,82	9,07
11,82	9,08
11,82	9,09
11,82	9,09
11,82	9,11
11,82	9,12
11,82	9,14
11,83	9,19
11,83	9,14
11,83	9,15
11,83	9,15
11,83	9,15
11,83	9,16
11,84	9,17
11,84	9,21
11,84	9,17
11,84	9,17
11,84	9,17
11,84	9,07
11,84	8,98
11,85	8,97
11,85	8,96
11,85	8,92
11,85	8,82
11,85	8,81
11,85	8,80
11,85	8,76
11,86	8,63
11,86	8,63
11,86	8,61
11,86	8,58
11,86	8,58
11,86	8,51
11,86	8,51
11,87	8,49
11,87	8,49
11,87	8,48
11,87	8,48
11,87	8,44
11,87	8,44
11,88	8,43
11,88	8,43
11,88	8,41
11,88	8,41
11,88	8,41
11,88	8,41
11,88	8,41
11,89	8,41
11,89	8,41
11,89	8,42
11,89	8,43
11,89	8,43
11,89	8,43
11,90	8,43
11,90	8,44
11,90	8,46
11,90	8,47
11,90	8,47
11,90	8,47
11,90	8,47
11,91	8,47
11,91	8,51
11,91	8,51
11,91	8,52
11,91	8,52
11,91	8,53
11,91	8,53
11,92	8,54
11,92	8,57
11,92	8,57
11,92	8,57
11,92	8,57
11,92	8,68
11,93	8,69
11,93	8,71
11,93	8,69
11,93	8,69
11,93	8,69
11,93	8,69
11,93	8,69
11,94	8,69
11,94	8,69
11,94	8,69
11,94	8,70
11,94	8,70
11,94	8,72
11,94	8,70
11,95	8,73
11,95	8,74
11,95	8,74
11,95	8,75
11,95	8,75
11,95	8,78
11,95	8,78
11,96	8,79
11,96	8,80
11,96	8,81
11,96	8,81
11,96	8,81
11,96	8,81
11,97	8,81
11,97	8,83
11,97	8,84
