Tensão U2	Tensão U1
U2/V	U1/V

-0,03	0,24
-0,03	0,24
-0,03	0,24
-0,02	0,24
-0,02	0,24
-0,01	0,24
-0,01	0,24
0,00	0,24
0,01	0,24
0,02	0,24
0,02	0,24
0,04	0,24
0,04	0,24
0,05	0,24
0,06	0,24
0,07	0,24
0,08	0,24
0,09	0,24
0,09	0,24
0,10	0,24
0,11	0,24
0,12	0,24
0,13	0,24
0,14	0,24
0,15	0,24
0,16	0,24
0,16	0,24
0,17	0,24
0,18	0,24
0,19	0,24
0,19	0,24
0,21	0,24
0,21	0,24
0,22	0,24
0,22	0,24
0,23	0,24
0,25	0,24
0,25	0,24
0,26	0,24
0,27	0,24
0,28	0,24
0,29	0,25
0,30	0,25
0,31	0,25
0,31	0,25
0,32	0,25
0,32	0,25
0,33	0,25
0,34	0,25
0,35	0,25
0,35	0,25
0,36	0,25
0,37	0,25
0,38	0,25
0,39	0,25
0,40	0,25
0,41	0,25
0,41	0,25
0,42	0,26
0,43	0,26
0,44	0,26
0,45	0,26
0,46	0,26
0,47	0,26
0,48	0,26
0,48	0,26
0,50	0,26
0,50	0,26
0,51	0,26
0,52	0,26
0,52	0,26
0,53	0,26
0,54	0,26
0,55	0,26
0,56	0,26
0,57	0,26
0,57	0,27
0,58	0,27
0,59	0,27
0,59	0,27
0,60	0,27
0,61	0,27
0,62	0,27
0,63	0,27
0,63	0,27
0,64	0,27
0,65	0,27
0,66	0,28
0,67	0,28
0,67	0,28
0,68	0,28
0,69	0,28
0,70	0,28
0,70	0,28
0,71	0,28
0,72	0,28
0,72	0,28
0,73	0,29
0,74	0,29
0,75	0,29
0,75	0,29
0,76	0,29
0,77	0,29
0,78	0,29
0,79	0,29
0,80	0,29
0,81	0,29
0,82	0,29
0,83	0,30
0,84	0,30
0,84	0,30
0,85	0,30
0,86	0,30
0,86	0,30
0,87	0,30
0,88	0,30
0,88	0,30
0,89	0,31
0,90	0,31
0,90	0,31
0,91	0,31
0,92	0,31
0,93	0,31
0,94	0,31
0,94	0,32
0,95	0,32
0,96	0,32
0,97	0,32
0,98	0,32
0,98	0,32
0,99	0,32
1,00	0,33
1,00	0,33
1,01	0,33
1,02	0,33
1,02	0,33
1,03	0,33
1,04	0,33
1,05	0,34
1,05	0,34
1,06	0,34
1,07	0,34
1,08	0,34
1,08	0,34
1,09	0,34
1,10	0,35
1,10	0,35
1,11	0,35
1,12	0,35
1,13	0,35
1,13	0,36
1,14	0,36
1,14	0,36
1,15	0,36
1,16	0,36
1,17	0,37
1,17	0,37
1,18	0,37
1,19	0,37
1,20	0,37
1,20	0,37
1,21	0,38
1,22	0,38
1,23	0,38
1,23	0,38
1,24	0,38
1,25	0,39
1,26	0,39
1,27	0,39
1,27	0,39
1,28	0,40
1,29	0,40
1,29	0,40
1,30	0,40
1,30	0,40
1,31	0,41
1,32	0,41
1,33	0,41
1,34	0,41
1,34	0,42
1,35	0,42
1,36	0,42
1,37	0,42
1,37	0,43
1,38	0,43
1,39	0,43
1,39	0,43
1,40	0,44
1,41	0,44
1,41	0,44
1,42	0,44
1,43	0,45
1,43	0,45
1,44	0,45
1,45	0,45
1,45	0,46
1,46	0,46
1,47	0,46
1,47	0,46
1,48	0,47
1,49	0,47
1,50	0,47
1,50	0,47
1,51	0,48
1,52	0,48
1,53	0,48
1,53	0,48
1,54	0,49
1,54	0,49
1,55	0,49
1,56	0,50
1,56	0,50
1,57	0,50
1,58	0,50
1,59	0,51
1,59	0,51
1,60	0,51
1,61	0,52
1,61	0,52
1,62	0,52
1,63	0,52
1,63	0,53
1,64	0,53
1,65	0,53
1,65	0,53
1,66	0,54
1,67	0,54
1,67	0,54
1,68	0,55
1,69	0,55
1,70	0,55
1,70	0,55
1,71	0,56
1,71	0,56
1,72	0,56
1,72	0,56
1,73	0,57
1,74	0,57
1,74	0,57
1,75	0,58
1,76	0,58
1,76	0,58
1,77	0,58
1,78	0,58
1,78	0,59
1,79	0,59
1,80	0,59
1,81	0,59
1,81	0,60
1,82	0,60
1,83	0,60
1,83	0,60
1,84	0,61
1,85	0,61
1,86	0,61
1,86	0,61
1,86	0,62
1,87	0,62
1,88	0,62
1,88	0,62
1,89	0,63
1,89	0,63
1,90	0,63
1,90	0,63
1,91	0,64
1,92	0,64
1,93	0,64
1,94	0,64
1,94	0,64
1,95	0,65
1,95	0,65
1,96	0,65
1,97	0,65
1,97	0,65
1,98	0,66
1,98	0,66
1,99	0,66
2,00	0,66
2,00	0,67
2,01	0,67
2,01	0,67
2,02	0,67
2,03	0,67
2,03	0,68
2,04	0,68
2,05	0,68
2,05	0,68
2,06	0,68
2,06	0,68
2,07	0,69
2,08	0,69
2,08	0,69
2,09	0,69
2,09	0,69
2,10	0,69
2,10	0,70
2,11	0,70
2,12	0,70
2,13	0,70
2,13	0,70
2,14	0,70
2,14	0,71
2,15	0,71
2,16	0,71
2,17	0,71
2,17	0,71
2,18	0,71
2,18	0,71
2,19	0,71
2,19	0,72
2,20	0,72
2,20	0,72
2,21	0,72
2,21	0,72
2,22	0,72
2,23	0,72
2,23	0,72
2,24	0,73
2,25	0,73
2,26	0,73
2,26	0,73
2,27	0,73
2,28	0,73
2,28	0,73
2,29	0,73
2,30	0,73
2,30	0,74
2,31	0,74
2,31	0,74
2,32	0,74
2,32	0,74
2,33	0,74
2,33	0,74
2,34	0,74
2,35	0,74
2,35	0,74
2,36	0,74
2,36	0,75
2,37	0,75
2,37	0,75
2,38	0,75
2,39	0,75
2,39	0,75
2,40	0,75
2,41	0,75
2,41	0,75
2,42	0,75
2,42	0,75
2,43	0,76
2,44	0,76
2,44	0,76
2,45	0,76
2,46	0,76
2,46	0,76
2,47	0,76
2,47	0,76
2,48	0,76
2,49	0,76
2,49	0,76
2,50	0,76
2,50	0,76
2,51	0,76
2,51	0,76
2,52	0,77
2,52	0,77
2,53	0,77
2,53	0,77
2,53	0,77
2,54	0,77
2,55	0,77
2,55	0,77
2,56	0,77
2,56	0,77
2,57	0,77
2,57	0,77
2,58	0,77
2,59	0,77
2,59	0,77
2,60	0,77
2,60	0,77
2,61	0,77
2,62	0,77
2,62	0,77
2,63	0,77
2,63	0,78
2,64	0,78
2,64	0,78
2,65	0,78
2,66	0,78
2,66	0,78
2,67	0,78
2,67	0,78
2,68	0,78
2,68	0,78
2,69	0,78
2,69	0,78
2,70	0,78
2,70	0,78
2,71	0,78
2,72	0,78
2,73	0,79
2,74	0,79
2,74	0,79
2,74	0,79
2,75	0,79
2,76	0,79
2,76	0,79
2,77	0,79
2,77	0,79
2,78	0,79
2,78	0,79
2,79	0,79
2,79	0,79
2,80	0,79
2,80	0,79
2,81	0,79
2,81	0,79
2,82	0,79
2,82	0,79
2,83	0,80
2,83	0,80
2,84	0,80
2,85	0,80
2,85	0,80
2,86	0,80
2,86	0,80
2,87	0,80
2,87	0,80
2,88	0,80
2,88	0,80
2,89	0,80
2,90	0,80
2,90	0,80
2,91	0,80
2,91	0,80
2,92	0,80
2,92	0,80
2,93	0,81
2,93	0,81
2,94	0,81
2,94	0,81
2,95	0,81
2,95	0,81
2,96	0,81
2,96	0,81
2,97	0,81
2,97	0,81
2,98	0,81
2,98	0,81
2,99	0,81
2,99	0,81
3,00	0,81
3,00	0,81
3,01	0,82
3,02	0,82
3,02	0,82
3,03	0,82
3,03	0,82
3,04	0,82
3,04	0,82
3,05	0,82
3,05	0,82
3,06	0,82
3,06	0,82
3,07	0,83
3,07	0,83
3,08	0,83
3,08	0,83
3,09	0,83
3,09	0,83
3,09	0,83
3,10	0,83
3,10	0,83
3,11	0,83
3,11	0,84
3,12	0,84
3,12	0,84
3,13	0,84
3,13	0,84
3,14	0,84
3,14	0,84
3,15	0,84
3,16	0,84
3,16	0,84
3,17	0,85
3,17	0,85
3,18	0,85
3,18	0,85
3,19	0,85
3,19	0,85
3,20	0,85
3,20	0,85
3,21	0,86
3,21	0,86
3,22	0,86
3,22	0,86
3,23	0,86
3,23	0,86
3,24	0,86
3,24	0,87
3,24	0,87
3,25	0,87
3,26	0,87
3,26	0,87
3,27	0,87
3,27	0,87
3,28	0,88
3,28	0,88
3,29	0,88
3,29	0,88
3,30	0,88
3,30	0,88
3,30	0,88
3,31	0,89
3,31	0,89
3,32	0,89
3,32	0,89
3,33	0,89
3,33	0,89
3,33	0,90
3,34	0,90
3,34	0,90
3,35	0,90
3,35	0,90
3,36	0,90
3,36	0,91
3,37	0,91
3,37	0,91
3,38	0,91
3,38	0,91
3,39	0,92
3,39	0,92
3,40	0,92
3,40	0,92
3,41	0,92
3,41	0,92
3,42	0,93
3,42	0,93
3,43	0,93
3,43	0,93
3,43	0,93
3,44	0,94
3,44	0,94
3,45	0,94
3,45	0,94
3,45	0,95
3,46	0,95
3,46	0,95
3,47	0,95
3,47	0,95
3,48	0,96
3,49	0,96
3,49	0,96
3,50	0,96
3,50	0,96
3,51	0,97
3,51	0,97
3,52	0,97
3,52	0,97
3,53	0,98
3,53	0,98
3,53	0,98
3,54	0,98
3,54	0,99
3,55	0,99
3,55	0,99
3,56	0,99
3,56	0,99
3,56	1,00
3,57	1,00
3,57	1,00
3,58	1,01
3,58	1,01
3,59	1,01
3,59	1,01
3,60	1,02
3,60	1,02
3,61	1,02
3,61	1,02
3,62	1,03
3,62	1,03
3,62	1,03
3,63	1,04
3,63	1,04
3,64	1,04
3,64	1,04
3,65	1,05
3,65	1,05
3,66	1,05
3,66	1,05
3,67	1,06
3,67	1,06
3,68	1,06
3,68	1,07
3,69	1,07
3,69	1,07
3,69	1,08
3,70	1,08
3,70	1,08
3,70	1,09
3,70	1,09
3,70	1,09
3,71	1,10
3,71	1,10
3,71	1,10
3,72	1,11
3,73	1,11
3,73	1,11
3,74	1,11
3,74	1,12
3,75	1,12
3,76	1,12
3,76	1,13
3,77	1,13
3,77	1,13
3,78	1,14
3,78	1,14
3,79	1,15
3,79	1,15
3,80	1,15
3,80	1,16
3,80	1,16
3,80	1,16
3,81	1,17
3,81	1,17
3,81	1,17
3,82	1,18
3,82	1,18
3,83	1,18
3,83	1,19
3,84	1,19
3,84	1,20
3,85	1,20
3,85	1,20
3,86	1,21
3,86	1,21
3,86	1,21
3,87	1,22
3,87	1,22
3,87	1,22
3,88	1,23
3,88	1,23
3,89	1,24
3,89	1,24
3,89	1,25
3,90	1,25
3,90	1,25
3,91	1,26
3,91	1,26
3,92	1,27
3,92	1,27
3,93	1,27
3,93	1,28
3,93	1,28
3,94	1,29
3,94	1,29
3,94	1,30
3,95	1,30
3,95	1,30
3,96	1,31
3,96	1,31
3,96	1,32
3,97	1,32
3,97	1,32
3,98	1,33
3,98	1,33
3,98	1,34
3,99	1,34
3,99	1,34
4,00	1,35
4,00	1,35
4,01	1,36
4,01	1,36
4,01	1,37
4,02	1,37
4,02	1,37
4,03	1,38
4,03	1,38
4,03	1,39
4,04	1,39
4,04	1,40
4,05	1,40
4,05	1,41
4,06	1,41
4,06	1,41
4,06	1,42
4,07	1,42
4,07	1,43
4,08	1,43
4,08	1,44
4,08	1,44
4,09	1,45
4,09	1,45
4,10	1,45
4,10	1,46
4,11	1,46
4,11	1,47
4,11	1,48
4,12	1,48
4,12	1,49
4,12	1,49
4,12	1,49
4,13	1,50
4,13	1,50
4,13	1,51
4,14	1,51
4,15	1,52
4,15	1,52
4,15	1,53
4,16	1,53
4,16	1,53
4,17	1,54
4,17	1,54
4,18	1,55
4,18	1,55
4,18	1,56
4,18	1,56
4,19	1,56
4,19	1,57
4,20	1,57
4,20	1,58
4,21	1,58
4,21	1,59
4,22	1,59
4,22	1,60
4,23	1,60
4,23	1,60
4,24	1,61
4,24	1,61
4,24	1,62
4,24	1,62
4,25	1,62
4,25	1,63
4,26	1,63
4,26	1,64
4,26	1,64
4,27	1,64
4,27	1,65
4,27	1,65
4,28	1,66
4,28	1,66
4,29	1,66
4,29	1,67
4,30	1,67
4,30	1,67
4,30	1,68
4,31	1,68
4,31	1,68
4,32	1,69
4,32	1,69
4,32	1,69
4,33	1,70
4,33	1,70
4,33	1,70
4,34	1,71
4,34	1,71
4,34	1,71
4,35	1,72
4,35	1,72
4,36	1,72
4,36	1,73
4,36	1,73
4,36	1,73
4,37	1,74
4,37	1,74
4,37	1,74
4,38	1,74
4,38	1,75
4,38	1,75
4,39	1,75
4,39	1,75
4,40	1,76
4,40	1,76
4,41	1,76
4,41	1,77
4,41	1,77
4,42	1,77
4,42	1,77
4,42	1,78
4,43	1,78
4,43	1,78
4,44	1,79
4,44	1,79
4,44	1,79
4,44	1,79
4,45	1,80
4,45	1,80
4,46	1,80
4,46	1,80
4,46	1,80
4,47	1,81
4,47	1,81
4,48	1,81
4,48	1,81
4,48	1,81
4,49	1,82
4,49	1,82
4,49	1,82
4,50	1,82
4,50	1,82
4,50	1,83
4,50	1,83
4,51	1,83
4,51	1,83
4,51	1,83
4,52	1,84
4,52	1,84
4,52	1,84
4,53	1,84
4,53	1,84
4,53	1,84
4,54	1,85
4,54	1,85
4,55	1,85
4,55	1,85
4,56	1,85
4,56	1,85
4,56	1,86
4,57	1,86
4,57	1,86
4,57	1,86
4,57	1,86
4,58	1,86
4,58	1,87
4,59	1,87
4,59	1,87
4,59	1,87
4,60	1,87
4,60	1,87
4,60	1,87
4,61	1,87
4,61	1,87
4,61	1,88
4,62	1,88
4,62	1,88
4,62	1,88
4,62	1,88
4,63	1,88
4,63	1,88
4,64	1,88
4,64	1,88
4,64	1,88
4,65	1,88
4,65	1,89
4,65	1,89
4,66	1,89
4,66	1,89
4,66	1,89
4,67	1,89
4,67	1,89
4,68	1,89
4,68	1,89
4,68	1,89
4,68	1,89
4,69	1,89
4,69	1,89
4,69	1,89
4,70	1,90
4,70	1,90
4,71	1,90
4,71	1,90
4,71	1,90
4,72	1,90
4,72	1,90
4,72	1,90
4,72	1,90
4,73	1,90
4,73	1,90
4,73	1,90
4,73	1,90
4,74	1,90
4,74	1,90
4,74	1,90
4,75	1,90
4,75	1,90
4,75	1,90
4,76	1,90
4,76	1,90
4,76	1,90
4,77	1,90
4,77	1,90
4,77	1,89
4,78	1,89
4,78	1,89
4,78	1,89
4,79	1,89
4,79	1,89
4,79	1,89
4,80	1,89
4,80	1,89
4,80	1,89
4,81	1,89
4,81	1,89
4,81	1,89
4,82	1,89
4,82	1,89
4,82	1,89
4,83	1,89
4,83	1,89
4,83	1,89
4,83	1,88
4,84	1,88
4,84	1,88
4,84	1,88
4,85	1,88
4,85	1,88
4,85	1,88
4,86	1,88
4,86	1,88
4,86	1,88
4,86	1,88
4,87	1,88
4,87	1,88
4,87	1,88
4,88	1,88
4,88	1,88
4,88	1,88
4,89	1,88
4,89	1,88
4,89	1,88
4,89	1,88
4,90	1,88
4,90	1,88
4,90	1,88
4,91	1,88
4,91	1,88
4,91	1,88
4,91	1,88
4,92	1,88
4,92	1,88
4,92	1,88
4,93	1,88
4,93	1,88
4,93	1,88
4,93	1,88
4,94	1,88
4,94	1,88
4,95	1,88
4,95	1,88
4,95	1,88
4,96	1,88
4,96	1,88
4,96	1,88
4,97	1,87
4,97	1,87
4,97	1,87
4,98	1,87
4,98	1,87
4,98	1,87
4,98	1,87
4,99	1,87
4,99	1,87
4,99	1,87
4,99	1,87
5,00	1,87
5,00	1,87
5,00	1,87
5,00	1,87
5,01	1,87
5,01	1,87
5,01	1,87
5,02	1,87
5,02	1,87
5,02	1,87
5,03	1,87
5,03	1,87
5,04	1,87
5,04	1,87
5,04	1,87
5,05	1,87
5,05	1,87
5,05	1,87
5,06	1,87
5,07	1,87
5,07	1,87
5,07	1,87
5,07	1,87
5,07	1,87
5,08	1,87
5,08	1,87
5,08	1,87
5,09	1,87
5,09	1,87
5,09	1,87
5,09	1,87
5,09	1,87
5,10	1,87
5,10	1,87
5,10	1,87
5,10	1,87
5,11	1,87
5,11	1,87
5,11	1,87
5,12	1,87
5,12	1,87
5,13	1,87
5,13	1,87
5,13	1,87
5,14	1,87
5,14	1,87
5,15	1,87
5,15	1,87
5,15	1,87
5,15	1,87
5,16	1,87
5,16	1,87
5,16	1,87
5,16	1,87
5,17	1,87
5,17	1,87
5,17	1,87
5,17	1,87
5,18	1,87
5,18	1,87
5,18	1,87
5,19	1,87
5,19	1,87
5,19	1,87
5,20	1,87
5,20	1,87
5,20	1,87
5,21	1,87
5,21	1,87
5,21	1,87
5,22	1,87
5,22	1,87
5,22	1,87
5,22	1,87
5,22	1,87
5,23	1,87
5,23	1,87
5,23	1,87
5,24	1,87
5,24	1,87
5,24	1,87
5,24	1,87
5,24	1,87
5,25	1,87
5,25	1,87
5,25	1,87
5,26	1,87
5,26	1,87
5,26	1,87
5,27	1,87
5,27	1,87
5,27	1,87
5,28	1,87
5,28	1,88
5,28	1,88
5,29	1,88
5,29	1,88
5,29	1,88
5,29	1,88
5,29	1,88
5,30	1,88
5,31	1,88
5,31	1,88
5,31	1,88
5,31	1,88
5,31	1,88
5,32	1,88
5,32	1,88
5,32	1,88
5,33	1,88
5,33	1,88
5,33	1,88
5,34	1,88
5,34	1,88
5,35	1,88
5,36	1,88
5,36	1,88
5,36	1,88
5,36	1,88
5,36	1,88
5,37	1,88
5,37	1,88
5,37	1,88
5,38	1,88
5,38	1,89
5,38	1,89
5,39	1,89
5,39	1,89
5,39	1,89
5,39	1,89
5,39	1,89
5,40	1,89
5,40	1,89
5,40	1,89
5,40	1,89
5,41	1,89
5,41	1,89
5,41	1,89
5,41	1,89
5,42	1,90
5,42	1,90
5,43	1,90
5,43	1,90
5,43	1,90
5,43	1,90
5,44	1,90
5,44	1,90
5,45	1,90
5,45	1,90
5,45	1,90
5,46	1,90
5,46	1,90
5,46	1,90
5,46	1,90
5,47	1,90
5,47	1,90
5,47	1,91
5,48	1,91
5,48	1,91
5,48	1,91
5,48	1,91
5,49	1,91
5,49	1,91
5,49	1,91
5,49	1,91
5,50	1,91
5,50	1,91
5,50	1,91
5,50	1,91
5,50	1,92
5,50	1,92
5,51	1,92
5,51	1,92
5,51	1,92
5,51	1,92
5,52	1,92
5,52	1,92
5,52	1,92
5,52	1,92
5,53	1,92
5,53	1,92
5,53	1,92
5,54	1,92
5,54	1,93
5,54	1,93
5,54	1,93
5,55	1,93
5,55	1,93
5,55	1,93
5,56	1,93
5,56	1,93
5,56	1,93
5,56	1,93
5,56	1,93
5,57	1,94
5,57	1,94
5,57	1,94
5,57	1,94
5,58	1,94
5,58	1,94
5,58	1,94
5,58	1,94
5,59	1,95
5,59	1,95
5,59	1,95
5,59	1,95
5,59	1,95
5,60	1,95
5,60	1,95
5,60	1,95
5,60	1,95
5,61	1,96
5,61	1,96
5,61	1,96
5,62	1,96
5,62	1,96
5,62	1,96
5,63	1,96
5,63	1,96
5,63	1,96
5,63	1,96
5,64	1,97
5,64	1,97
5,64	1,97
5,64	1,97
5,64	1,97
5,65	1,97
5,65	1,97
5,65	1,98
5,65	1,98
5,65	1,98
5,66	1,98
5,66	1,98
5,66	1,98
5,66	1,98
5,67	1,99
5,67	1,99
5,67	1,99
5,67	1,99
5,68	1,99
5,68	1,99
5,68	1,99
5,68	2,00
5,69	2,00
5,69	2,00
5,69	2,00
5,69	2,00
5,70	2,00
5,70	2,00
5,70	2,00
5,70	2,00
5,71	2,01
5,71	2,01
5,71	2,01
5,71	2,01
5,71	2,01
5,72	2,01
5,72	2,01
5,72	2,02
5,72	2,02
5,72	2,02
5,72	2,02
5,73	2,02
5,73	2,02
5,73	2,03
5,73	2,03
5,74	2,03
5,74	2,03
5,74	2,03
5,74	2,03
5,75	2,03
5,75	2,03
5,75	2,04
5,75	2,04
5,76	2,04
5,76	2,04
5,76	2,04
5,76	2,04
5,76	2,05
5,77	2,05
5,77	2,05
5,77	2,05
5,77	2,05
5,77	2,05
5,78	2,05
5,78	2,06
5,78	2,06
5,78	2,06
5,79	2,06
5,79	2,06
5,79	2,07
5,79	2,07
5,80	2,07
5,80	2,07
5,80	2,07
5,80	2,08
5,80	2,08
5,81	2,08
5,81	2,08
5,81	2,08
5,81	2,09
5,82	2,09
5,82	2,09
5,82	2,09
5,82	2,09
5,82	2,10
5,83	2,10
5,83	2,10
5,83	2,10
5,83	2,10
5,84	2,10
5,84	2,11
5,84	2,11
5,84	2,11
5,84	2,11
5,85	2,11
5,85	2,12
5,85	2,12
5,85	2,12
5,86	2,12
5,86	2,12
5,86	2,12
5,86	2,13
5,86	2,13
5,86	2,13
5,87	2,13
5,87	2,14
5,87	2,14
5,87	2,14
5,88	2,14
5,88	2,14
5,88	2,15
5,88	2,15
5,89	2,15
5,89	2,15
5,89	2,15
5,89	2,15
5,89	2,16
5,90	2,16
5,90	2,16
5,90	2,16
5,90	2,16
5,90	2,17
5,90	2,17
5,91	2,17
5,91	2,17
5,91	2,18
5,91	2,18
5,92	2,18
5,92	2,18
5,92	2,18
5,92	2,19
5,92	2,19
5,92	2,19
5,93	2,19
5,93	2,20
5,93	2,20
5,93	2,20
5,93	2,20
5,93	2,20
5,94	2,21
5,94	2,21
5,94	2,21
5,95	2,21
5,95	2,21
5,95	2,22
5,95	2,22
5,95	2,22
5,95	2,22
5,96	2,22
5,96	2,23
5,96	2,23
5,96	2,23
5,97	2,23
5,97	2,23
5,97	2,24
5,97	2,24
5,98	2,24
5,98	2,24
5,98	2,25
5,98	2,25
5,98	2,25
5,99	2,26
5,99	2,26
5,99	2,26
6,00	2,26
6,00	2,26
6,00	2,27
6,00	2,27
6,00	2,27
6,00	2,27
6,01	2,28
6,01	2,28
6,01	2,28
6,01	2,28
6,01	2,29
6,01	2,29
6,02	2,29
6,02	2,30
6,02	2,30
6,03	2,31
6,03	2,31
6,03	2,32
6,03	2,32
6,04	2,32
6,04	2,33
6,04	2,33
6,05	2,33
6,05	2,33
6,05	2,33
6,05	2,34
6,06	2,34
6,06	2,35
6,06	2,35
6,06	2,35
6,06	2,36
6,07	2,36
6,07	2,37
6,07	2,37
6,08	2,38
6,08	2,38
6,08	2,39
6,09	2,39
6,09	2,39
6,09	2,39
6,09	2,40
6,09	2,40
6,10	2,40
6,10	2,40
6,10	2,41
6,11	2,41
6,11	2,41
6,11	2,41
6,11	2,42
6,11	2,43
6,12	2,43
6,12	2,43
6,12	2,44
6,12	2,44
6,12	2,44
6,13	2,44
6,13	2,45
6,13	2,45
6,14	2,46
6,14	2,46
6,14	2,46
6,14	2,47
6,14	2,47
6,15	2,47
6,15	2,48
6,15	2,48
6,15	2,48
6,15	2,48
6,16	2,49
6,16	2,49
6,16	2,49
6,16	2,49
6,17	2,50
6,17	2,50
6,17	2,50
6,17	2,51
6,18	2,51
6,18	2,51
6,18	2,52
6,18	2,52
6,18	2,52
6,18	2,53
6,18	2,53
6,19	2,53
6,19	2,53
6,19	2,54
6,19	2,54
6,19	2,54
6,20	2,55
6,20	2,55
6,20	2,55
6,20	2,55
6,20	2,56
6,21	2,56
6,21	2,57
6,21	2,57
6,21	2,57
6,21	2,58
6,22	2,58
6,22	2,58
6,22	2,59
6,22	2,59
6,22	2,59
6,23	2,60
6,23	2,60
6,23	2,61
6,23	2,61
6,23	2,61
6,24	2,61
6,24	2,62
6,24	2,62
6,24	2,63
6,25	2,63
6,25	2,63
6,25	2,63
6,25	2,64
6,26	2,64
6,26	2,64
6,26	2,65
6,26	2,65
6,26	2,65
6,27	2,65
6,27	2,66
6,27	2,66
6,27	2,66
6,27	2,68
6,27	2,67
6,28	2,69
6,28	2,69
6,28	2,69
6,28	2,70
6,29	2,70
6,29	2,71
6,29	2,71
6,30	2,71
6,30	2,71
6,30	2,72
6,30	2,72
6,30	2,73
6,30	2,73
6,31	2,73
6,31	2,74
6,31	2,74
6,32	2,74
6,32	2,75
6,32	2,75
6,32	2,76
6,32	2,76
6,33	2,76
6,33	2,77
6,33	2,77
6,33	2,78
6,33	2,78
6,33	2,78
6,34	2,79
6,34	2,79
6,34	2,81
6,34	2,82
6,35	2,83
6,35	2,83
6,36	2,84
6,36	2,86
6,36	2,85
6,36	2,86
6,37	2,86
6,37	2,87
6,37	2,87
6,38	2,88
6,38	2,87
6,38	2,88
6,39	2,88
6,39	2,89
6,39	2,89
6,40	2,89
6,40	2,90
6,40	2,90
6,40	2,93
6,40	2,93
6,41	2,93
6,41	2,94
6,42	2,94
6,42	2,94
6,42	2,96
6,42	2,95
6,42	2,94
6,43	2,98
6,43	2,98
6,43	2,98
6,44	2,99
6,44	3,00
6,44	2,99
6,44	2,99
6,44	3,01
6,45	3,02
6,45	3,02
6,45	3,03
6,45	3,03
6,46	3,03
6,46	3,04
6,46	3,04
6,46	3,05
6,47	3,05
6,47	3,05
6,47	3,05
6,47	3,06
6,47	3,06
6,47	3,06
6,48	3,07
6,48	3,07
6,48	3,07
6,48	3,08
6,48	3,08
6,48	3,08
6,48	3,09
6,49	3,09
6,49	3,09
6,49	3,10
6,49	3,10
6,49	3,10
6,49	3,10
6,50	3,11
6,50	3,11
6,50	3,12
6,50	3,12
6,50	3,12
6,50	3,13
6,51	3,13
6,51	3,13
6,51	3,13
6,51	3,14
6,51	3,14
6,51	3,14
6,52	3,15
6,52	3,16
6,52	3,16
6,52	3,16
6,52	3,16
6,52	3,17
6,53	3,17
6,53	3,18
6,53	3,18
6,53	3,18
6,53	3,19
6,53	3,19
6,54	3,19
6,54	3,20
6,54	3,21
6,54	3,21
6,54	3,21
6,55	3,22
6,55	3,22
6,55	3,22
6,55	3,22
6,55	3,23
6,55	3,23
6,56	3,23
6,56	3,24
6,56	3,25
6,56	3,25
6,56	3,25
6,56	3,25
6,57	3,26
6,57	3,26
6,57	3,26
6,57	3,27
6,57	3,28
6,58	3,28
6,58	3,29
6,58	3,29
6,58	3,29
6,58	3,30
6,59	3,30
6,59	3,30
6,59	3,31
6,59	3,31
6,59	3,32
6,59	3,32
6,60	3,32
6,60	3,33
6,60	3,34
6,60	3,34
6,60	3,35
6,60	3,35
6,60	3,36
6,61	3,36
6,61	3,37
6,61	3,37
6,61	3,38
6,61	3,38
6,61	3,39
6,62	3,39
6,62	3,40
6,62	3,41
6,62	3,41
6,62	3,42
6,62	3,42
6,63	3,43
6,63	3,43
6,63	3,43
6,63	3,44
6,64	3,44
6,64	3,45
6,64	3,45
6,64	3,47
6,64	3,47
6,64	3,47
6,65	3,48
6,65	3,48
6,65	3,48
6,65	3,48
6,65	3,48
6,66	3,49
6,66	3,49
6,66	3,49
6,66	3,49
6,66	3,49
6,66	3,50
6,66	3,50
6,67	3,50
6,67	3,50
6,67	3,50
6,67	3,50
6,67	3,51
6,68	3,51
6,68	3,52
6,68	3,52
6,68	3,53
6,68	3,53
6,69	3,53
6,69	3,53
6,69	3,53
6,69	3,53
6,69	3,54
6,69	3,54
6,70	3,54
6,70	3,55
6,70	3,55
6,70	3,55
6,70	3,55
6,70	3,55
6,70	3,55
6,71	3,56
6,71	3,56
6,71	3,57
6,71	3,57
6,71	3,57
6,72	3,57
6,72	3,57
6,72	3,58
6,72	3,58
6,72	3,58
6,73	3,58
6,73	3,58
6,73	3,59
6,73	3,59
6,73	3,59
6,74	3,60
6,74	3,60
6,74	3,60
6,74	3,60
6,74	3,60
6,74	3,61
6,75	3,61
6,75	3,61
6,75	3,61
6,75	3,62
6,75	3,62
6,76	3,62
6,76	3,62
6,76	3,62
6,76	3,63
6,76	3,63
6,76	3,64
6,77	3,64
6,77	3,64
6,77	3,64
6,77	3,65
6,77	3,65
6,78	3,65
6,78	3,65
6,78	3,66
6,78	3,66
6,78	3,66
6,78	3,66
6,79	3,66
6,79	3,67
6,79	3,67
6,79	3,67
6,79	3,68
6,80	3,68
6,80	3,68
6,80	3,68
6,80	3,68
6,80	3,68
6,80	3,68
6,81	3,69
6,81	3,69
6,81	3,69
6,81	3,70
6,81	3,70
6,81	3,70
6,82	3,70
6,82	3,70
6,82	3,70
6,82	3,70
6,82	3,70
6,82	3,71
6,82	3,71
6,83	3,71
6,83	3,71
6,83	3,71
6,83	3,72
6,83	3,72
6,83	3,72
6,84	3,72
6,84	3,72
6,84	3,72
6,84	3,72
6,84	3,73
6,84	3,73
6,84	3,73
6,85	3,73
6,85	3,73
6,85	3,73
6,85	3,74
6,85	3,74
6,85	3,74
6,86	3,74
6,86	3,74
6,86	3,75
6,86	3,75
6,86	3,75
6,86	3,75
6,86	3,75
6,87	3,75
6,87	3,76
6,87	3,76
6,87	3,76
6,88	3,76
6,88	3,76
6,88	3,76
6,88	3,76
6,88	3,76
6,89	3,76
6,89	3,77
6,89	3,77
6,89	3,77
6,89	3,77
6,89	3,78
6,90	3,78
6,90	3,78
6,90	3,78
6,90	3,78
6,90	3,79
6,90	3,79
6,91	3,79
6,91	3,79
6,91	3,79
6,91	3,79
6,91	3,79
6,92	3,79
6,92	3,80
6,92	3,80
6,92	3,80
6,92	3,80
6,93	3,80
6,93	3,80
6,93	3,80
6,93	3,81
6,94	3,81
6,94	3,81
6,94	3,81
6,94	3,81
6,95	3,81
6,95	3,81
6,95	3,82
6,95	3,82
6,95	3,82
6,96	3,82
6,96	3,82
6,96	3,82
6,96	3,82
6,96	3,82
6,96	3,82
6,96	3,82
6,97	3,82
6,97	3,82
6,97	3,82
6,97	3,82
6,97	3,82
6,97	3,83
6,98	3,83
6,98	3,83
6,98	3,83
6,98	3,83
6,99	3,83
6,99	3,83
6,99	3,83
6,99	3,83
6,99	3,83
7,00	3,83
7,00	3,83
7,00	3,83
7,00	3,83
7,00	3,84
7,01	3,84
7,01	3,84
7,01	3,84
7,01	3,84
7,01	3,84
7,01	3,84
7,01	3,84
7,02	3,84
7,02	3,84
7,02	3,84
7,02	3,84
7,02	3,84
7,03	3,84
7,03	3,84
7,03	3,84
7,03	3,84
7,03	3,84
7,03	3,84
7,03	3,84
7,04	3,84
7,04	3,84
7,04	3,84
7,04	3,84
7,04	3,84
7,04	3,84
7,05	3,84
7,05	3,84
7,05	3,84
7,05	3,84
7,06	3,84
7,06	3,84
7,06	3,84
7,07	3,84
7,07	3,84
7,07	3,84
7,07	3,84
7,07	3,84
7,07	3,84
7,08	3,84
7,08	3,84
7,08	3,84
7,08	3,84
7,08	3,84
7,08	3,84
7,08	3,84
7,09	3,84
7,09	3,84
7,09	3,84
7,09	3,84
7,09	3,84
7,09	3,84
7,09	3,84
7,10	3,84
7,10	3,84
7,10	3,84
7,10	3,84
7,10	3,84
7,10	3,84
7,11	3,84
7,11	3,84
7,11	3,84
7,11	3,84
7,11	3,84
7,11	3,84
7,11	3,84
7,12	3,84
7,12	3,84
7,12	3,84
7,12	3,84
7,12	3,84
7,12	3,84
7,13	3,84
7,13	3,84
7,13	3,84
7,13	3,84
7,13	3,84
7,13	3,84
7,13	3,84
7,14	3,84
7,14	3,84
7,14	3,84
7,14	3,83
7,14	3,83
7,14	3,83
7,14	3,83
7,15	3,83
7,15	3,83
7,15	3,83
7,15	3,83
7,15	3,83
7,15	3,83
7,16	3,83
7,16	3,83
7,16	3,83
7,16	3,83
7,16	3,83
7,16	3,83
7,17	3,83
7,17	3,83
7,17	3,83
7,17	3,83
7,17	3,83
7,17	3,82
7,17	3,82
7,18	3,82
7,18	3,82
7,18	3,82
7,18	3,82
7,18	3,82
7,18	3,82
7,18	3,82
7,19	3,82
7,19	3,82
7,19	3,82
7,19	3,82
7,19	3,82
7,20	3,82
7,20	3,82
7,20	3,82
7,20	3,82
7,20	3,82
7,20	3,82
7,20	3,82
7,21	3,82
7,21	3,82
7,21	3,82
7,21	3,82
7,21	3,81
7,21	3,81
7,22	3,81
7,22	3,81
7,22	3,81
7,22	3,81
7,22	3,81
7,22	3,81
7,22	3,81
7,23	3,81
7,23	3,81
7,23	3,81
7,23	3,81
7,23	3,81
7,23	3,80
7,23	3,80
7,24	3,80
7,24	3,80
7,24	3,80
7,24	3,80
7,24	3,80
7,24	3,80
7,24	3,80
7,25	3,80
7,25	3,80
7,25	3,80
7,25	3,80
7,25	3,80
7,25	3,80
7,26	3,80
7,26	3,80
7,26	3,79
7,26	3,79
7,26	3,79
7,26	3,79
7,26	3,79
7,27	3,79
7,27	3,79
7,27	3,79
7,27	3,79
7,27	3,79
7,27	3,79
7,28	3,79
7,28	3,79
7,28	3,78
7,28	3,78
7,28	3,78
7,28	3,78
7,28	3,78
7,29	3,78
7,29	3,78
7,29	3,78
7,29	3,78
7,29	3,78
7,29	3,78
7,29	3,78
7,30	3,78
7,30	3,77
7,30	3,77
7,30	3,77
7,30	3,77
7,30	3,77
7,31	3,77
7,31	3,77
7,31	3,77
7,31	3,77
7,31	3,77
7,32	3,77
7,32	3,77
7,32	3,76
7,32	3,76
7,32	3,76
7,32	3,76
7,33	3,76
7,33	3,76
7,33	3,76
7,33	3,76
7,33	3,76
7,34	3,76
7,34	3,76
7,34	3,76
7,34	3,76
7,34	3,76
7,34	3,76
7,35	3,75
7,35	3,75
7,35	3,75
7,35	3,75
7,35	3,75
7,35	3,75
7,36	3,75
7,36	3,75
7,36	3,75
7,36	3,75
7,36	3,75
7,36	3,75
7,37	3,74
7,37	3,75
7,37	3,74
7,37	3,74
7,37	3,74
7,37	3,74
7,38	3,74
7,38	3,74
7,38	3,74
7,38	3,74
7,38	3,74
7,38	3,74
7,38	3,74
7,39	3,74
7,39	3,73
7,39	3,73
7,39	3,73
7,39	3,73
7,39	3,73
7,40	3,73
7,40	3,73
7,40	3,73
7,40	3,73
7,40	3,73
7,40	3,73
7,41	3,73
7,41	3,73
7,41	3,72
7,41	3,72
7,41	3,72
7,41	3,72
7,42	3,72
7,42	3,72
7,42	3,72
7,42	3,72
7,42	3,72
7,42	3,72
7,43	3,72
7,43	3,72
7,43	3,71
7,43	3,71
7,43	3,71
7,43	3,71
7,44	3,71
7,44	3,71
7,44	3,71
7,44	3,71
7,44	3,71
7,44	3,71
7,44	3,71
7,45	3,71
7,45	3,71
7,45	3,71
7,45	3,71
7,45	3,70
7,45	3,70
7,45	3,70
7,46	3,70
7,46	3,70
7,46	3,70
7,46	3,70
7,46	3,70
7,46	3,70
7,47	3,70
7,47	3,70
7,47	3,70
7,47	3,70
7,47	3,70
7,47	3,69
7,47	3,69
7,48	3,69
7,48	3,69
7,48	3,69
7,48	3,69
7,48	3,69
7,48	3,69
7,49	3,69
7,49	3,69
7,49	3,69
7,49	3,69
7,49	3,69
7,49	3,69
7,49	3,69
7,50	3,69
7,50	3,69
7,50	3,69
7,50	3,69
7,50	3,69
7,50	3,69
7,50	3,69
7,51	3,69
7,51	3,69
7,51	3,69
7,51	3,69
7,51	3,69
7,51	3,69
7,51	3,69
7,52	3,69
7,52	3,69
7,52	3,69
7,52	3,68
7,53	3,68
7,53	3,68
7,53	3,68
7,53	3,68
7,54	3,68
7,54	3,68
7,54	3,68
7,54	3,68
7,54	3,68
7,54	3,68
7,55	3,68
7,55	3,68
7,55	3,68
7,55	3,68
7,55	3,68
7,55	3,68
7,55	3,68
7,56	3,68
7,56	3,68
7,56	3,68
7,56	3,68
7,56	3,68
7,56	3,68
7,56	3,68
7,57	3,68
7,57	3,68
7,57	3,68
7,57	3,68
7,57	3,68
7,57	3,68
7,57	3,68
7,58	3,68
7,58	3,68
7,58	3,68
7,58	3,68
7,58	3,68
7,58	3,68
7,59	3,68
7,59	3,68
7,59	3,68
7,59	3,68
7,59	3,68
7,59	3,68
7,59	3,68
7,60	3,68
7,60	3,68
7,60	3,68
7,60	3,68
7,60	3,68
7,61	3,68
7,61	3,68
7,61	3,68
7,61	3,68
7,61	3,68
7,61	3,68
7,61	3,68
7,62	3,68
7,62	3,68
7,62	3,68
7,62	3,68
7,62	3,68
7,62	3,68
7,62	3,68
7,63	3,68
7,63	3,68
7,63	3,68
7,63	3,68
7,63	3,68
7,63	3,68
7,64	3,68
7,64	3,68
7,64	3,68
7,64	3,68
7,64	3,68
7,64	3,68
7,64	3,68
7,65	3,68
7,65	3,68
7,65	3,68
7,65	3,68
7,65	3,68
7,65	3,69
7,65	3,68
7,66	3,69
7,66	3,69
7,66	3,69
7,66	3,69
7,66	3,69
7,66	3,69
7,66	3,69
7,67	3,69
7,67	3,69
7,67	3,69
7,67	3,69
7,67	3,69
7,67	3,69
7,68	3,69
7,68	3,69
7,68	3,69
7,68	3,69
7,68	3,69
7,68	3,72
7,68	3,70
7,69	3,69
7,69	3,70
7,69	3,71
7,69	3,71
7,69	3,72
7,69	3,73
7,70	3,72
7,70	3,71
7,70	3,70
7,70	3,70
7,70	3,70
7,70	3,69
7,70	3,69
7,71	3,68
7,71	3,68
7,71	3,67
7,71	3,67
7,71	3,66
7,71	3,65
7,71	3,65
7,72	3,65
7,72	3,64
7,72	3,64
7,72	3,64
7,72	3,64
7,72	3,64
7,72	3,64
7,73	3,64
7,73	3,64
7,73	3,64
7,73	3,64
7,73	3,64
7,73	3,64
7,74	3,64
7,74	3,64
7,74	3,64
7,74	3,64
7,74	3,64
7,74	3,64
7,74	3,64
7,75	3,64
7,75	3,64
7,75	3,64
7,75	3,64
7,75	3,64
7,75	3,64
7,76	3,64
7,76	3,65
7,76	3,65
7,76	3,65
7,76	3,65
7,76	3,65
7,76	3,65
7,77	3,65
7,77	3,65
7,77	3,65
7,77	3,65
7,77	3,65
7,77	3,65
7,77	3,65
7,78	3,65
7,78	3,65
7,78	3,65
7,78	3,65
7,78	3,65
7,78	3,65
7,78	3,65
7,79	3,65
7,79	3,65
7,79	3,65
7,79	3,65
7,79	3,65
7,79	3,65
7,80	3,65
7,80	3,65
7,80	3,65
7,80	3,66
7,80	3,65
7,80	3,65
7,80	3,65
7,81	3,65
7,81	3,65
7,81	3,65
7,81	3,65
7,81	3,65
7,81	3,65
7,82	3,65
