Tensão U2	Tensão U1
U2/V	U1/V

-0,04	0,23
-0,04	0,23
-0,03	0,23
-0,03	0,23
-0,03	0,23
-0,03	0,23
-0,03	0,23
-0,02	0,23
-0,02	0,23
-0,01	0,23
0,00	0,23
0,01	0,23
0,02	0,23
0,03	0,23
0,05	0,23
0,06	0,23
0,07	0,23
0,09	0,23
0,10	0,23
0,11	0,23
0,12	0,23
0,14	0,23
0,15	0,23
0,16	0,23
0,18	0,23
0,19	0,23
0,20	0,23
0,22	0,23
0,23	0,23
0,24	0,23
0,26	0,23
0,27	0,23
0,28	0,24
0,30	0,24
0,31	0,24
0,32	0,24
0,34	0,24
0,35	0,24
0,36	0,24
0,38	0,24
0,39	0,24
0,40	0,24
0,41	0,24
0,42	0,24
0,44	0,24
0,45	0,24
0,46	0,24
0,47	0,24
0,49	0,24
0,50	0,24
0,51	0,24
0,53	0,24
0,54	0,24
0,56	0,24
0,57	0,24
0,58	0,24
0,59	0,24
0,60	0,25
0,62	0,25
0,63	0,25
0,64	0,25
0,65	0,25
0,67	0,25
0,68	0,25
0,69	0,25
0,70	0,25
0,72	0,25
0,73	0,25
0,74	0,25
0,75	0,26
0,76	0,26
0,78	0,26
0,79	0,26
0,80	0,26
0,81	0,26
0,82	0,26
0,84	0,26
0,85	0,26
0,86	0,26
0,87	0,27
0,88	0,27
0,89	0,27
0,91	0,27
0,92	0,27
0,93	0,27
0,94	0,27
0,95	0,28
0,97	0,28
0,98	0,28
0,99	0,28
1,00	0,28
1,02	0,28
1,03	0,28
1,04	0,29
1,05	0,29
1,07	0,29
1,08	0,29
1,09	0,29
1,10	0,30
1,12	0,30
1,13	0,30
1,14	0,30
1,15	0,31
1,16	0,31
1,17	0,31
1,18	0,31
1,19	0,32
1,20	0,32
1,22	0,32
1,23	0,32
1,24	0,33
1,25	0,33
1,26	0,33
1,27	0,34
1,29	0,34
1,30	0,34
1,31	0,34
1,32	0,35
1,33	0,35
1,34	0,35
1,36	0,36
1,37	0,36
1,38	0,37
1,39	0,37
1,40	0,37
1,42	0,38
1,43	0,38
1,44	0,39
1,45	0,39
1,46	0,39
1,47	0,40
1,48	0,40
1,49	0,41
1,51	0,41
1,52	0,42
1,53	0,42
1,54	0,43
1,55	0,43
1,56	0,44
1,57	0,44
1,58	0,45
1,59	0,45
1,61	0,46
1,62	0,46
1,63	0,47
1,64	0,47
1,65	0,48
1,66	0,48
1,67	0,49
1,68	0,49
1,70	0,50
1,71	0,51
1,72	0,51
1,73	0,52
1,74	0,52
1,75	0,53
1,77	0,53
1,78	0,54
1,79	0,55
1,80	0,55
1,81	0,56
1,82	0,56
1,83	0,57
1,84	0,58
1,85	0,58
1,86	0,59
1,87	0,59
1,89	0,60
1,90	0,60
1,91	0,61
1,92	0,61
1,93	0,62
1,94	0,63
1,95	0,63
1,96	0,64
1,97	0,64
1,98	0,65
2,00	0,65
2,00	0,66
2,01	0,66
2,02	0,67
2,03	0,67
2,04	0,68
2,06	0,68
2,07	0,69
2,08	0,69
2,09	0,70
2,10	0,70
2,11	0,71
2,12	0,71
2,13	0,72
2,14	0,72
2,15	0,73
2,16	0,73
2,17	0,73
2,18	0,74
2,19	0,74
2,21	0,75
2,22	0,75
2,23	0,75
2,24	0,76
2,25	0,76
2,26	0,77
2,27	0,77
2,29	0,77
2,30	0,78
2,31	0,78
2,31	0,78
2,32	0,79
2,33	0,79
2,34	0,79
2,36	0,79
2,37	0,80
2,38	0,80
2,39	0,80
2,40	0,81
2,40	0,81
2,42	0,81
2,42	0,81
2,44	0,82
2,45	0,82
2,46	0,82
2,46	0,82
2,47	0,82
2,48	0,83
2,49	0,83
2,51	0,83
2,51	0,83
2,53	0,83
2,53	0,84
2,54	0,84
2,55	0,84
2,56	0,84
2,57	0,84
2,59	0,84
2,60	0,84
2,61	0,84
2,62	0,85
2,63	0,85
2,64	0,85
2,65	0,85
2,66	0,85
2,67	0,85
2,68	0,85
2,69	0,85
2,70	0,85
2,71	0,85
2,72	0,85
2,73	0,85
2,74	0,86
2,75	0,86
2,76	0,86
2,77	0,86
2,78	0,86
2,79	0,86
2,80	0,86
2,81	0,86
2,82	0,86
2,83	0,86
2,84	0,86
2,85	0,86
2,85	0,86
2,86	0,86
2,87	0,86
2,88	0,86
2,89	0,86
2,91	0,86
2,92	0,86
2,93	0,86
2,94	0,86
2,94	0,86
2,95	0,86
2,97	0,86
2,98	0,86
2,99	0,86
3,00	0,86
3,00	0,86
3,01	0,86
3,02	0,86
3,03	0,86
3,05	0,86
3,05	0,86
3,06	0,86
3,08	0,86
3,09	0,86
3,09	0,86
3,10	0,86
3,11	0,86
3,12	0,86
3,13	0,86
3,14	0,86
3,15	0,86
3,16	0,87
3,17	0,87
3,18	0,87
3,18	0,87
3,19	0,87
3,20	0,87
3,21	0,87
3,22	0,87
3,23	0,87
3,24	0,87
3,25	0,87
3,26	0,87
3,27	0,87
3,28	0,87
3,29	0,87
3,30	0,88
3,31	0,88
3,32	0,88
3,32	0,88
3,33	0,88
3,34	0,88
3,35	0,88
3,36	0,89
3,37	0,89
3,38	0,89
3,39	0,89
3,40	0,89
3,41	0,89
3,42	0,89
3,43	0,90
3,44	0,90
3,45	0,90
3,45	0,90
3,46	0,90
3,47	0,91
3,48	0,91
3,49	0,91
3,50	0,91
3,51	0,92
3,51	0,92
3,52	0,92
3,53	0,92
3,54	0,93
3,55	0,93
3,56	0,93
3,57	0,94
3,58	0,94
3,59	0,94
3,60	0,95
3,61	0,95
3,62	0,95
3,63	0,96
3,64	0,96
3,65	0,97
3,66	0,97
3,67	0,97
3,67	0,98
3,68	0,98
3,69	0,99
3,70	0,99
3,71	0,99
3,71	1,00
3,72	1,00
3,73	1,01
3,74	1,01
3,75	1,02
3,76	1,02
3,77	1,03
3,77	1,03
3,78	1,04
3,79	1,05
3,80	1,05
3,81	1,06
3,82	1,06
3,83	1,07
3,83	1,08
3,84	1,08
3,85	1,09
3,86	1,09
3,87	1,10
3,88	1,11
3,88	1,12
3,89	1,12
3,90	1,13
3,91	1,14
3,92	1,15
3,93	1,15
3,94	1,16
3,94	1,17
3,95	1,18
3,96	1,18
3,97	1,19
3,98	1,20
3,99	1,21
3,99	1,22
4,00	1,23
4,01	1,23
4,02	1,24
4,03	1,25
4,04	1,26
4,05	1,27
4,05	1,28
4,06	1,29
4,07	1,30
4,08	1,31
4,09	1,32
4,10	1,33
4,11	1,34
4,12	1,35
4,13	1,36
4,13	1,37
4,14	1,38
4,15	1,39
4,16	1,40
4,17	1,41
4,17	1,42
4,18	1,43
4,19	1,45
4,20	1,46
4,21	1,47
4,22	1,48
4,22	1,49
4,23	1,50
4,24	1,51
4,24	1,53
4,25	1,54
4,26	1,55
4,27	1,56
4,28	1,57
4,29	1,58
4,29	1,59
4,30	1,61
4,31	1,62
4,32	1,63
4,33	1,64
4,34	1,65
4,35	1,67
4,35	1,68
4,36	1,69
4,37	1,70
4,38	1,72
4,38	1,73
4,39	1,74
4,39	1,75
4,40	1,76
4,41	1,78
4,42	1,79
4,43	1,80
4,44	1,81
4,44	1,82
4,45	1,83
4,46	1,84
4,47	1,86
4,48	1,87
4,49	1,88
4,50	1,89
4,50	1,90
4,51	1,91
4,52	1,92
4,53	1,93
4,54	1,94
4,54	1,95
4,55	1,96
4,56	1,97
4,57	1,98
4,58	1,99
4,58	2,00
4,59	2,01
4,60	2,02
4,61	2,03
4,61	2,04
4,62	2,05
4,63	2,06
4,64	2,07
4,64	2,07
4,65	2,08
4,66	2,09
4,67	2,10
4,68	2,11
4,69	2,11
4,70	2,12
4,70	2,13
4,71	2,14
4,71	2,14
4,72	2,15
4,73	2,16
4,74	2,17
4,75	2,17
4,75	2,18
4,76	2,19
4,77	2,19
4,78	2,20
4,78	2,20
4,79	2,21
4,80	2,22
4,81	2,22
4,81	2,23
4,82	2,23
4,83	2,24
4,83	2,24
4,84	2,24
4,85	2,25
4,86	2,25
4,86	2,26
4,87	2,26
4,88	2,27
4,89	2,27
4,89	2,27
4,90	2,28
4,91	2,28
4,92	2,28
4,92	2,29
4,93	2,29
4,94	2,29
4,95	2,29
4,96	2,29
4,97	2,30
4,97	2,30
4,98	2,30
4,99	2,30
4,99	2,30
5,00	2,31
5,01	2,31
5,02	2,31
5,02	2,31
5,03	2,31
5,03	2,31
5,04	2,31
5,05	2,31
5,05	2,31
5,06	2,32
5,07	2,32
5,08	2,32
5,09	2,32
5,09	2,31
5,10	2,31
5,10	2,31
5,11	2,31
5,12	2,31
5,13	2,31
5,13	2,31
5,14	2,31
5,15	2,31
5,16	2,31
5,17	2,31
5,18	2,31
5,18	2,31
5,19	2,31
5,20	2,31
5,20	2,30
5,21	2,30
5,22	2,30
5,23	2,30
5,24	2,30
5,24	2,30
5,25	2,30
5,25	2,29
5,26	2,29
5,27	2,29
5,27	2,29
5,28	2,29
5,28	2,28
5,29	2,28
5,29	2,28
5,30	2,28
5,31	2,28
5,32	2,27
5,33	2,27
5,34	2,27
5,34	2,27
5,35	2,26
5,36	2,26
5,37	2,26
5,37	2,26
5,38	2,25
5,38	2,25
5,39	2,25
5,40	2,25
5,40	2,25
5,41	2,24
5,41	2,24
5,42	2,24
5,43	2,24
5,43	2,23
5,44	2,23
5,45	2,23
5,45	2,23
5,46	2,22
5,47	2,22
5,47	2,22
5,48	2,22
5,49	2,21
5,50	2,21
5,51	2,21
5,51	2,21
5,52	2,20
5,53	2,20
5,53	2,20
5,54	2,20
5,55	2,19
5,55	2,19
5,55	2,19
5,56	2,19
5,57	2,18
5,58	2,18
5,59	2,18
5,59	2,18
5,60	2,18
5,61	2,17
5,61	2,17
5,62	2,17
5,63	2,17
5,63	2,17
5,64	2,16
5,64	2,16
5,65	2,16
5,66	2,16
5,67	2,16
5,67	2,16
5,68	2,15
5,69	2,15
5,69	2,15
5,70	2,15
5,71	2,15
5,72	2,15
5,72	2,14
5,73	2,14
5,73	2,14
5,74	2,14
5,74	2,14
5,75	2,14
5,76	2,13
5,77	2,13
5,77	2,13
5,78	2,13
5,79	2,13
5,79	2,13
5,80	2,13
5,80	2,13
5,81	2,13
5,82	2,13
5,82	2,13
5,83	2,13
5,84	2,13
5,84	2,13
5,85	2,13
5,86	2,13
5,86	2,13
5,87	2,13
5,88	2,13
5,88	2,13
5,89	2,13
5,90	2,13
5,90	2,13
5,91	2,13
5,92	2,13
5,92	2,13
5,93	2,13
5,93	2,13
5,93	2,13
5,94	2,13
5,95	2,13
5,95	2,13
5,96	2,13
5,96	2,13
5,97	2,14
5,98	2,14
5,98	2,14
5,99	2,14
6,00	2,14
6,00	2,14
6,01	2,15
6,02	2,15
6,02	2,15
6,03	2,15
6,03	2,15
6,04	2,16
6,04	2,16
6,05	2,16
6,06	2,16
6,06	2,16
6,07	2,17
6,07	2,17
6,08	2,17
6,09	2,18
6,09	2,18
6,11	2,18
6,11	2,18
6,11	2,19
6,12	2,19
6,12	2,19
6,12	2,20
6,13	2,20
6,14	2,20
6,14	2,21
6,15	2,21
6,15	2,22
6,16	2,22
6,17	2,22
6,18	2,23
6,18	2,23
6,19	2,24
6,20	2,24
6,21	2,25
6,21	2,25
6,22	2,26
6,22	2,26
6,23	2,26
6,23	2,27
6,24	2,27
6,24	2,28
6,25	2,28
6,26	2,30
6,27	2,30
6,27	2,31
6,28	2,31
6,29	2,32
6,30	2,33
6,30	2,33
6,31	2,34
6,31	2,34
6,32	2,35
6,33	2,36
6,33	2,36
6,34	2,37
6,34	2,38
6,35	2,38
6,35	2,39
6,36	2,40
6,37	2,41
6,37	2,41
6,38	2,42
6,39	2,43
6,39	2,43
6,39	2,44
6,40	2,45
6,41	2,46
6,41	2,47
6,42	2,47
6,42	2,48
6,43	2,49
6,43	2,50
6,44	2,51
6,45	2,51
6,45	2,52
6,46	2,53
6,46	2,54
6,47	2,55
6,47	2,56
6,48	2,57
6,49	2,58
6,49	2,58
6,50	2,59
6,50	2,60
6,51	2,61
6,52	2,62
6,52	2,63
6,53	2,64
6,53	2,65
6,54	2,66
6,55	2,67
6,55	2,68
6,56	2,69
6,56	2,70
6,57	2,71
6,57	2,73
6,58	2,74
6,58	2,75
6,59	2,76
6,59	2,77
6,60	2,78
6,60	2,79
6,61	2,80
6,62	2,81
6,62	2,83
6,63	2,84
6,63	2,85
6,64	2,86
6,64	2,87
6,65	2,88
6,66	2,90
6,66	2,91
6,67	2,92
6,67	2,93
6,68	2,95
6,68	2,96
6,69	2,97
6,69	2,99
6,70	3,00
6,70	3,01
6,71	3,02
6,71	3,04
6,72	3,05
6,72	3,06
6,73	3,08
6,73	3,09
6,74	3,10
6,74	3,12
6,75	3,13
6,75	3,15
6,76	3,16
6,77	3,17
6,77	3,19
6,78	3,20
6,78	3,22
6,79	3,23
6,80	3,25
6,80	3,26
6,81	3,27
6,81	3,29
6,81	3,30
6,82	3,32
6,83	3,33
6,83	3,35
6,84	3,36
6,84	3,38
6,85	3,39
6,85	3,41
6,86	3,42
6,86	3,44
6,87	3,45
6,87	3,47
6,88	3,48
6,88	3,50
6,89	3,51
6,89	3,53
6,90	3,54
6,91	3,56
6,91	3,57
6,92	3,59
6,92	3,60
6,93	3,62
6,93	3,63
6,93	3,65
6,94	3,66
6,95	3,68
6,95	3,69
6,96	3,71
6,96	3,72
6,97	3,74
6,97	3,75
6,98	3,77
6,98	3,78
6,99	3,80
6,99	3,81
7,00	3,83
7,00	3,84
7,01	3,86
7,01	3,87
7,02	3,89
7,02	3,90
7,03	3,92
7,03	3,93
7,04	3,95
7,04	3,96
7,05	3,98
7,05	3,99
7,06	4,00
7,06	4,02
7,07	4,03
7,07	4,05
7,08	4,06
7,08	4,07
7,09	4,09
7,09	4,10
7,10	4,11
7,10	4,13
7,11	4,14
7,11	4,15
7,12	4,17
7,12	4,18
7,13	4,19
7,13	4,20
7,14	4,21
7,14	4,23
7,15	4,24
7,15	4,25
7,16	4,26
7,16	4,27
7,17	4,29
7,17	4,30
7,18	4,31
7,18	4,32
7,19	4,33
7,19	4,34
7,20	4,35
7,20	4,36
7,21	4,37
7,21	4,38
7,22	4,39
7,22	4,40
7,23	4,41
7,23	4,42
7,24	4,43
7,24	4,44
7,25	4,45
7,25	4,46
7,26	4,47
7,26	4,48
7,27	4,48
7,27	4,49
7,28	4,50
7,28	4,51
7,29	4,52
7,29	4,52
7,30	4,53
7,30	4,54
7,30	4,54
7,31	4,55
7,32	4,56
7,32	4,56
7,32	4,57
7,33	4,58
7,33	4,58
7,34	4,59
7,34	4,60
7,35	4,60
7,35	4,61
7,36	4,61
7,36	4,62
7,37	4,62
7,37	4,63
7,38	4,63
7,38	4,64
7,39	4,64
7,39	4,65
7,40	4,65
7,40	4,66
7,41	4,66
7,41	4,66
7,42	4,67
7,42	4,67
7,43	4,68
7,43	4,68
7,44	4,68
7,44	4,69
7,44	4,69
7,45	4,69
7,45	4,70
7,46	4,70
7,46	4,70
7,47	4,70
7,47	4,71
7,48	4,71
7,48	4,71
7,49	4,71
7,49	4,72
7,50	4,72
7,50	4,72
7,50	4,72
7,51	4,72
7,51	4,72
7,51	4,73
7,52	4,73
7,52	4,73
7,53	4,73
7,53	4,73
7,54	4,73
7,54	4,73
7,55	4,74
7,55	4,74
7,56	4,74
7,56	4,74
7,57	4,74
7,57	4,74
7,58	4,74
7,58	4,74
7,59	4,74
7,59	4,74
7,60	4,74
7,60	4,74
7,61	4,74
7,61	4,74
7,62	4,74
7,62	4,74
7,63	4,74
7,63	4,74
7,64	4,73
7,64	4,73
7,65	4,73
7,65	4,73
7,65	4,73
7,66	4,73
7,66	4,73
7,66	4,73
7,67	4,73
7,67	4,73
7,68	4,73
7,68	4,72
7,69	4,72
7,69	4,72
7,70	4,72
7,70	4,72
7,70	4,72
7,71	4,72
7,71	4,72
7,72	4,71
7,72	4,71
7,72	4,71
7,73	4,71
7,73	4,71
7,73	4,70
7,74	4,70
7,74	4,70
7,75	4,70
7,75	4,70
7,76	4,69
7,76	4,69
7,76	4,69
7,77	4,69
7,77	4,68
7,78	4,68
7,78	4,68
7,79	4,68
7,79	4,67
7,79	4,67
7,80	4,67
7,80	4,67
7,81	4,66
7,81	4,66
7,82	4,66
7,82	4,65
7,83	4,65
7,83	4,65
7,84	4,65
7,84	4,64
7,84	4,64
7,85	4,64
7,85	4,64
7,86	4,63
7,86	4,63
7,86	4,63
7,87	4,62
7,87	4,62
7,88	4,62
7,88	4,62
7,88	4,61
7,89	4,61
7,89	4,61
7,90	4,60
7,90	4,60
7,91	4,60
7,91	4,60
7,92	4,59
7,92	4,59
7,92	4,59
7,93	4,58
7,93	4,58
7,93	4,58
7,94	4,58
7,94	4,57
7,95	4,57
7,95	4,57
7,95	4,57
7,96	4,56
7,96	4,56
7,97	4,56
7,97	4,55
7,98	4,55
7,98	4,55
7,98	4,55
7,99	4,54
7,99	4,54
8,00	4,54
8,00	4,54
8,01	4,53
8,01	4,53
8,01	4,53
8,02	4,53
8,02	4,52
8,02	4,52
8,03	4,52
8,03	4,51
8,04	4,51
8,04	4,51
8,04	4,51
8,05	4,50
8,05	4,50
8,06	4,50
8,06	4,50
8,06	4,49
8,07	4,49
8,08	4,49
8,08	4,49
8,09	4,48
8,09	4,48
8,09	4,48
8,10	4,48
8,10	4,48
8,10	4,47
8,11	4,47
8,11	4,47
8,11	4,47
8,12	4,47
8,12	4,46
8,13	4,46
8,13	4,46
8,13	4,46
8,14	4,46
8,14	4,46
8,15	4,45
8,15	4,45
8,15	4,45
8,16	4,45
8,16	4,45
8,16	4,45
8,17	4,44
8,17	4,44
8,18	4,44
8,18	4,44
8,19	4,44
8,19	4,44
8,19	4,43
8,20	4,43
8,20	4,43
8,20	4,43
8,21	4,43
8,21	4,43
8,22	4,43
8,22	4,43
8,22	4,43
8,22	4,43
8,23	4,42
8,23	4,42
8,24	4,42
8,24	4,42
8,25	4,42
8,25	4,42
8,25	4,42
8,25	4,42
8,26	4,42
8,26	4,42
8,27	4,42
8,27	4,42
8,28	4,42
8,28	4,42
8,28	4,42
8,29	4,42
8,29	4,42
8,30	4,41
8,30	4,41
8,31	4,41
8,31	4,41
8,31	4,41
8,31	4,41
8,32	4,41
8,32	4,41
8,32	4,41
8,33	4,42
8,33	4,42
8,34	4,42
8,34	4,42
8,34	4,42
8,35	4,42
8,35	4,42
8,35	4,42
8,36	4,42
8,36	4,42
8,36	4,42
8,37	4,42
8,37	4,42
8,38	4,42
8,38	4,42
8,39	4,42
8,39	4,42
8,39	4,43
8,40	4,43
8,40	4,43
8,40	4,43
8,41	4,43
8,41	4,43
8,41	4,43
8,42	4,43
8,42	4,44
8,43	4,44
8,43	4,44
8,44	4,44
8,44	4,44
8,44	4,44
8,45	4,45
8,46	4,45
8,46	4,45
8,46	4,45
8,47	4,46
8,47	4,46
8,48	4,46
8,48	4,46
8,49	4,47
8,49	4,47
8,50	4,47
8,50	4,48
8,50	4,48
8,51	4,48
8,51	4,48
8,51	4,49
8,52	4,49
8,52	4,49
8,52	4,50
8,53	4,50
8,53	4,51
8,53	4,51
8,54	4,51
8,54	4,52
8,54	4,52
8,55	4,52
8,55	4,53
8,56	4,53
8,56	4,53
8,56	4,54
8,57	4,54
8,58	4,54
8,58	4,55
8,58	4,55
8,59	4,56
8,59	4,56
8,60	4,56
8,60	4,57
8,60	4,57
8,60	4,57
8,60	4,58
8,61	4,58
8,61	4,59
8,62	4,59
8,62	4,59
8,62	4,60
8,63	4,60
8,63	4,61
8,63	4,61
8,63	4,62
8,64	4,62
8,64	4,62
8,64	4,63
8,64	4,63
8,65	4,64
8,65	4,64
8,65	4,65
8,66	4,65
8,66	4,66
8,67	4,66
8,67	4,67
8,68	4,67
8,68	4,68
8,68	4,68
8,69	4,69
8,69	4,69
8,69	4,70
8,70	4,70
8,70	4,71
8,70	4,71
8,71	4,72
8,71	4,73
8,71	4,74
8,72	4,74
8,72	4,75
8,72	4,75
8,72	4,76
8,73	4,76
8,73	4,77
8,73	4,78
8,74	4,78
8,74	4,79
8,74	4,79
8,75	4,80
8,75	4,81
8,75	4,81
8,76	4,82
8,76	4,83
8,76	4,83
8,77	4,84
8,77	4,84
8,77	4,85
8,78	4,86
8,78	4,86
8,79	4,87
8,79	4,88
8,79	4,88
8,80	4,89
8,80	4,90
8,80	4,90
8,81	4,91
8,81	4,92
8,81	4,92
8,82	4,93
8,82	4,94
8,82	4,94
8,82	4,95
8,83	4,96
8,83	4,96
8,83	4,97
8,84	4,98
8,84	4,99
8,84	4,99
8,84	5,00
8,85	5,01
8,85	5,02
8,86	5,02
8,86	5,03
8,86	5,04
8,87	5,05
8,87	5,05
8,88	5,06
8,88	5,07
8,89	5,08
8,89	5,09
8,89	5,10
8,90	5,11
8,90	5,12
8,90	5,12
8,91	5,13
8,91	5,14
8,91	5,15
8,92	5,16
8,92	5,16
8,92	5,17
8,93	5,18
8,93	5,20
8,94	5,21
8,94	5,21
8,94	5,22
8,95	5,25
8,95	5,26
8,95	5,27
8,96	5,28
8,96	5,31
8,97	5,32
8,97	5,33
8,97	5,35
8,97	5,34
8,98	5,36
8,98	5,37
8,98	5,37
8,99	5,38
8,99	5,39
9,00	5,40
9,00	5,41
9,00	5,42
9,00	5,43
9,01	5,44
9,01	5,45
9,02	5,46
9,02	5,47
9,03	5,50
9,03	5,51
9,03	5,52
9,04	5,53
9,05	5,54
9,05	5,55
9,05	5,56
9,05	5,57
9,06	5,58
9,06	5,61
9,06	5,59
9,07	5,64
9,07	5,65
9,07	5,66
9,07	5,67
9,08	5,68
9,08	5,69
9,09	5,70
9,09	5,71
9,09	5,72
9,09	5,74
9,10	5,73
9,10	5,75
9,10	5,78
9,11	5,79
9,11	5,80
9,11	5,82
9,12	5,81
9,12	5,83
9,12	5,84
9,13	5,85
9,13	5,86
9,14	5,89
9,14	5,88
9,14	5,90
9,14	5,91
9,15	5,92
9,15	5,94
9,15	5,93
9,16	5,96
9,16	5,97
9,16	5,98
9,17	6,00
9,17	6,01
9,17	6,02
9,18	6,04
9,18	6,05
9,18	6,06
9,19	6,07
9,19	6,08
9,19	6,12
9,19	6,11
9,20	6,17
9,20	6,18
9,20	6,20
9,21	6,22
9,22	6,24
9,22	6,25
9,23	6,26
9,23	6,28
9,23	6,29
9,24	6,31
9,24	6,33
9,25	6,35
9,25	6,36
9,25	6,39
9,25	6,38
9,25	6,40
9,26	6,41
9,26	6,43
9,26	6,44
9,27	6,46
9,28	6,48
9,28	6,49
9,28	6,50
9,28	6,51
9,29	6,53
9,29	6,54
9,30	6,57
9,30	6,58
9,30	6,61
9,31	6,62
9,31	6,63
9,31	6,64
9,31	6,66
9,31	6,67
9,32	6,68
9,32	6,69
9,32	6,71
9,33	6,72
9,33	6,73
9,33	6,75
9,33	6,76
9,33	6,77
9,34	6,78
9,34	6,80
9,34	6,81
9,35	6,82
9,35	6,84
9,35	6,85
9,36	6,86
9,36	6,87
9,36	6,89
9,36	6,90
9,37	6,91
9,37	6,93
9,37	6,94
9,37	6,95
9,38	6,97
9,38	6,98
9,38	6,99
9,38	7,00
9,39	7,02
9,39	7,03
9,39	7,04
9,40	7,06
9,40	7,07
9,40	7,08
9,40	7,09
9,41	7,11
9,41	7,12
9,41	7,13
9,41	7,15
9,42	7,16
9,42	7,17
9,42	7,18
9,42	7,20
9,43	7,21
9,43	7,22
9,43	7,23
9,43	7,25
9,43	7,26
9,44	7,27
9,44	7,29
9,44	7,30
9,44	7,31
9,44	7,32
9,45	7,34
9,45	7,35
9,45	7,36
9,45	7,37
9,46	7,39
9,46	7,40
9,47	7,41
9,47	7,42
9,47	7,44
9,47	7,45
9,48	7,46
9,48	7,47
9,48	7,48
9,49	7,50
9,49	7,51
9,49	7,52
9,49	7,53
9,49	7,54
9,50	7,56
9,50	7,57
9,50	7,58
9,51	7,59
9,51	7,60
9,51	7,61
9,51	7,64
9,52	7,65
9,52	7,66
9,52	7,67
9,52	7,68
9,53	7,70
9,53	7,71
9,53	7,72
9,53	7,73
9,54	7,74
9,54	7,75
9,54	7,76
9,55	7,77
9,55	7,78
9,55	7,80
9,55	7,81
9,56	7,82
9,56	7,83
9,56	7,84
9,56	7,85
9,57	7,86
9,57	7,87
9,57	7,89
9,57	7,90
9,58	7,91
9,58	7,92
9,58	7,93
9,59	7,94
9,59	7,95
9,59	7,96
9,59	7,97
9,60	7,98
9,60	7,99
9,60	8,00
9,60	8,01
9,61	8,02
9,61	8,03
9,61	8,04
9,61	8,05
9,62	8,06
9,62	8,07
9,62	8,08
9,62	8,09
9,62	8,10
9,63	8,11
9,63	8,11
9,63	8,13
9,63	8,14
9,64	8,16
9,64	8,17
9,64	8,18
9,65	8,19
9,65	8,20
9,65	8,21
9,65	8,21
9,66	8,23
9,66	8,24
9,66	8,25
9,66	8,25
9,66	8,26
9,67	8,27
9,67	8,28
9,67	8,29
9,67	8,29
9,68	8,30
9,68	8,31
9,68	8,32
9,68	8,33
9,68	8,33
9,69	8,34
9,69	8,35
9,69	8,36
9,69	8,36
9,70	8,37
9,70	8,38
9,70	8,39
9,70	8,39
9,71	8,40
9,71	8,41
9,71	8,41
9,71	8,42
9,71	8,43
9,72	8,43
9,72	8,44
9,72	8,45
9,72	8,45
9,72	8,46
9,73	8,47
9,73	8,47
9,73	8,48
9,74	8,49
9,74	8,49
9,74	8,50
9,75	8,50
9,75	8,51
9,75	8,52
9,75	8,52
9,75	8,53
9,76	8,54
9,76	8,55
9,76	8,55
9,76	8,56
9,77	8,57
9,77	8,57
9,77	8,58
9,77	8,58
9,78	8,59
9,78	8,59
9,78	8,60
9,78	8,61
9,79	8,61
9,79	8,62
9,79	8,62
9,79	8,63
9,80	8,63
9,80	8,63
9,80	8,64
9,80	8,64
9,81	8,65
9,81	8,65
9,81	8,66
9,81	8,66
9,81	8,67
9,82	8,67
9,82	8,67
9,82	8,68
9,82	8,68
9,83	8,69
9,83	8,69
9,83	8,70
9,83	8,70
9,83	8,70
9,84	8,71
9,84	8,71
9,84	8,71
9,84	8,72
9,85	8,73
9,85	8,73
9,85	8,73
9,85	8,74
9,85	8,74
9,85	8,74
9,86	8,75
9,86	8,75
9,86	8,76
9,86	8,76
9,87	8,76
9,87	8,77
9,87	8,77
9,87	8,77
9,88	8,78
9,88	8,78
9,88	8,78
9,89	8,78
9,89	8,79
9,89	8,79
9,89	8,79
9,89	8,80
9,89	8,80
9,90	8,80
9,90	8,81
9,90	8,81
9,90	8,81
9,91	8,82
9,91	8,82
9,91	8,82
9,91	8,82
9,92	8,82
9,92	8,83
9,92	8,83
9,93	8,83
9,93	8,83
9,93	8,83
9,93	8,84
9,93	8,84
9,94	8,84
9,94	8,84
9,94	8,84
9,94	8,84
9,94	8,85
9,95	8,85
9,95	8,85
9,95	8,85
9,96	8,85
9,96	8,85
9,96	8,85
9,96	8,85
9,96	8,85
9,97	8,86
9,97	8,86
9,97	8,86
9,97	8,86
9,98	8,86
9,98	8,86
9,98	8,86
9,98	8,86
9,98	8,86
9,98	8,86
9,99	8,86
9,99	8,86
9,99	8,86
9,99	8,86
10,00	8,86
10,00	8,86
10,00	8,86
10,01	8,86
10,01	8,86
10,01	8,86
10,01	8,86
10,01	8,86
10,01	8,86
10,02	8,86
10,02	8,86
10,02	8,86
10,02	8,86
10,02	8,86
10,03	8,86
10,03	8,86
10,03	8,86
10,03	8,86
10,03	8,86
10,04	8,86
10,04	8,86
10,04	8,86
10,04	8,86
10,05	8,86
10,05	8,86
10,05	8,85
10,05	8,85
10,05	8,85
10,06	8,85
10,06	8,85
10,06	8,85
10,06	8,85
10,06	8,85
10,07	8,85
10,07	8,85
10,07	8,85
10,07	8,84
10,07	8,84
10,08	8,84
10,08	8,84
10,08	8,84
10,08	8,84
10,08	8,84
10,08	8,84
10,09	8,83
10,09	8,83
10,09	8,83
10,09	8,83
10,10	8,83
10,10	8,83
10,10	8,83
10,10	8,82
10,10	8,82
10,11	8,82
10,11	8,82
10,11	8,82
10,11	8,81
10,11	8,81
10,11	8,81
10,12	8,81
10,12	8,81
10,12	8,81
10,12	8,80
10,13	8,80
10,13	8,80
10,13	8,80
10,13	8,80
10,13	8,79
10,14	8,79
10,14	8,79
10,14	8,79
10,14	8,78
10,14	8,78
10,14	8,78
10,15	8,77
10,15	8,77
10,15	8,77
10,15	8,77
10,15	8,76
10,16	8,76
10,16	8,76
10,16	8,75
10,16	8,75
10,16	8,75
10,17	8,75
10,17	8,74
10,17	8,74
10,17	8,74
10,17	8,74
10,18	8,73
10,18	8,73
10,18	8,73
10,18	8,73
10,18	8,73
10,18	8,72
10,19	8,72
10,19	8,72
10,19	8,72
10,19	8,71
10,19	8,71
10,19	8,71
10,20	8,71
10,20	8,70
10,20	8,70
10,20	8,70
10,21	8,70
10,21	8,69
10,21	8,69
10,21	8,69
10,21	8,69
10,22	8,68
10,22	8,68
10,22	8,68
10,22	8,67
10,22	8,67
10,23	8,67
10,23	8,66
10,23	8,66
10,23	8,66
10,24	8,65
10,24	8,65
10,24	8,65
10,24	8,65
10,24	8,64
10,24	8,64
10,25	8,63
10,25	8,63
10,25	8,63
10,25	8,63
10,25	8,62
10,26	8,62
10,26	8,62
10,26	8,62
10,26	8,61
10,26	8,61
10,27	8,61
10,27	8,61
10,27	8,60
10,27	8,60
10,27	8,60
10,28	8,60
10,28	8,59
10,28	8,59
10,28	8,59
10,29	8,58
10,29	8,58
10,29	8,58
10,29	8,57
10,29	8,57
10,30	8,56
10,30	8,56
10,30	8,56
10,30	8,56
10,30	8,55
10,30	8,55
10,31	8,55
10,31	8,55
10,31	8,54
10,31	8,54
10,31	8,53
10,31	8,53
10,32	8,53
10,32	8,53
10,32	8,52
10,32	8,52
10,32	8,52
10,33	8,51
10,33	8,51
10,33	8,51
10,34	8,51
10,34	8,50
10,34	8,50
10,34	8,50
10,34	8,49
10,34	8,49
10,34	8,48
10,35	8,48
10,35	8,48
10,35	8,48
10,35	8,47
10,35	8,47
10,36	8,47
10,36	8,46
10,36	8,45
10,36	8,45
10,36	8,45
10,37	8,45
10,37	8,44
10,37	8,44
10,37	8,43
10,37	8,43
10,37	8,43
10,38	8,43
10,38	8,42
10,38	8,42
10,38	8,41
10,38	8,41
10,38	8,41
10,39	8,40
10,39	8,40
10,39	8,40
10,39	8,39
10,40	8,39
10,40	8,39
10,40	8,38
10,40	8,38
10,40	8,38
10,41	8,37
10,41	8,37
10,41	8,37
10,41	8,37
10,42	8,36
10,42	8,36
10,42	8,36
10,42	8,35
10,42	8,35
10,43	8,35
10,43	8,34
10,43	8,34
10,43	8,34
10,43	8,34
10,44	8,33
10,44	8,33
10,44	8,32
10,44	8,31
10,44	8,31
10,44	8,31
10,45	8,31
10,45	8,30
10,45	8,30
10,45	8,30
10,46	8,29
10,46	8,29
10,46	8,28
10,46	8,28
10,46	8,27
10,47	8,27
10,47	8,27
10,47	8,26
10,47	8,26
10,47	8,26
10,48	8,25
10,48	8,25
10,48	8,25
10,49	8,25
10,49	8,24
10,49	8,24
10,50	8,24
10,50	8,23
10,50	8,23
10,50	8,22
10,50	8,22
10,50	8,21
10,51	8,22
10,51	8,21
10,51	8,21
10,51	8,21
10,52	8,21
10,52	8,20
10,53	8,20
10,53	8,20
10,53	8,18
10,53	8,19
10,53	8,16
10,53	8,16
10,54	8,19
10,54	8,18
10,54	8,19
10,55	8,15
10,55	8,14
10,55	8,15
10,55	8,14
10,55	8,14
10,56	8,13
10,56	8,13
10,56	8,13
10,57	8,12
10,57	8,12
10,58	8,12
10,58	8,10
10,58	8,12
10,59	8,10
10,59	8,11
10,59	8,11
10,59	8,10
10,59	8,11
10,59	8,09
10,59	8,10
10,60	8,09
10,60	8,08
10,60	8,08
10,60	8,08
10,60	8,07
10,61	8,07
10,61	8,06
10,61	8,06
10,61	8,07
10,62	8,06
10,62	8,06
10,62	8,05
10,63	8,05
10,63	8,05
10,63	8,04
10,63	8,04
10,64	8,04
10,64	8,04
10,64	8,03
10,64	8,03
10,64	8,03
10,64	8,02
10,64	8,02
10,65	8,02
10,65	8,02
10,65	8,01
10,65	8,01
10,65	8,01
10,65	8,01
10,66	8,01
10,66	8,01
10,66	8,00
10,66	8,00
10,66	8,00
10,66	8,00
10,67	8,00
10,67	7,99
10,67	8,00
10,67	7,99
10,67	7,99
10,68	7,99
10,68	7,99
10,68	7,98
10,69	7,98
10,69	7,98
10,69	7,98
10,70	7,98
10,70	7,96
10,70	7,97
10,70	7,97
10,71	7,97
10,71	7,95
10,71	7,94
10,71	7,94
10,72	7,93
10,72	7,93
10,72	7,93
10,72	7,93
10,72	7,93
10,73	7,93
10,73	7,93
10,73	7,93
10,73	7,93
10,74	7,93
10,74	7,93
10,74	7,93
10,75	7,93
10,75	7,93
10,76	7,93
10,76	7,93
10,76	7,93
10,77	7,94
10,77	7,94
10,77	7,93
10,77	7,93
10,77	7,93
10,77	7,93
10,77	7,93
10,78	7,94
10,78	7,93
10,78	7,94
10,78	7,93
10,78	7,94
10,79	7,94
10,79	7,94
10,79	7,94
10,80	7,94
10,80	7,94
10,80	7,94
10,80	7,94
10,80	7,94
10,80	7,94
10,81	7,94
10,81	7,94
10,81	7,94
10,81	7,94
10,81	7,94
10,82	7,94
10,82	7,94
10,83	7,94
10,83	7,94
10,83	7,94
10,83	7,94
10,83	7,94
10,84	7,94
10,84	7,95
10,84	7,95
10,84	7,95
10,84	7,95
10,85	7,95
10,85	7,95
10,85	7,95
10,85	7,94
10,85	7,95
10,85	7,94
10,86	7,94
10,86	7,94
10,86	7,94
10,86	7,94
10,86	7,94
10,86	7,94
10,87	7,94
10,87	7,94
10,88	7,94
10,88	7,94
10,88	7,94
10,88	7,94
10,88	7,94
10,89	7,94
10,89	7,94
10,89	7,94
10,89	7,94
10,89	7,94
10,90	7,94
10,90	7,94
10,90	7,95
10,91	7,95
10,91	7,95
10,91	7,95
10,91	7,95
10,92	7,95
10,92	7,95
10,92	7,95
10,92	7,95
10,92	7,95
10,92	7,95
10,93	7,95
10,93	7,95
10,93	7,95
10,93	7,95
10,93	7,95
10,94	7,95
10,94	7,95
10,94	7,95
10,94	7,95
10,94	7,95
10,95	7,95
10,95	7,95
10,95	7,95
10,95	7,95
10,95	7,95
10,95	7,96
10,96	7,96
10,96	7,96
10,96	7,96
10,96	7,96
10,96	7,96
10,96	7,96
10,97	7,96
10,97	7,96
10,97	7,96
10,97	7,96
10,98	7,96
10,98	7,96
10,98	7,96
10,98	7,96
10,98	7,97
10,98	7,96
10,99	7,97
10,99	7,97
10,99	7,97
10,99	7,97
10,99	7,97
11,00	7,97
11,00	7,97
11,00	7,97
11,00	7,98
11,00	7,98
11,00	7,98
11,01	7,98
11,01	7,98
11,01	7,98
11,01	7,98
11,02	7,98
11,02	7,98
11,02	7,99
11,02	7,99
11,02	7,99
11,02	7,99
11,02	7,99
11,03	7,99
11,03	8,00
11,03	8,00
11,03	8,00
11,03	8,00
11,03	8,00
11,04	8,00
11,04	8,00
11,04	8,00
11,04	8,00
11,04	8,00
11,05	8,00
11,05	8,01
11,05	8,01
11,05	8,01
11,05	8,01
11,05	8,02
11,06	8,01
11,06	8,02
11,06	8,02
11,06	8,02
11,07	8,03
11,07	8,03
11,07	8,03
11,07	8,03
11,07	8,03
11,08	8,03
11,08	8,03
11,08	8,04
11,08	8,04
11,08	8,04
11,08	8,04
11,09	8,05
11,09	8,04
11,09	8,05
11,09	8,05
11,09	8,05
11,10	8,05
11,10	8,06
11,10	8,06
11,10	8,06
11,10	8,06
11,11	8,06
11,11	8,07
11,11	8,06
11,11	8,07
11,11	8,07
11,11	8,08
11,11	8,08
11,12	8,08
11,12	8,08
11,12	8,08
11,12	8,09
11,12	8,09
11,13	8,09
11,13	8,09
11,13	8,09
11,13	8,09
11,13	8,10
11,14	8,10
11,14	8,10
11,14	8,10
11,14	8,10
11,14	8,11
11,14	8,11
11,15	8,11
11,15	8,11
11,15	8,14
11,15	8,13
11,15	8,13
11,16	8,14
11,16	8,13
11,16	8,13
11,16	8,13
11,16	8,14
11,16	8,15
11,16	8,15
11,17	8,15
11,17	8,16
11,17	8,16
11,17	8,17
11,18	8,17
11,18	8,17
11,18	8,17
11,18	8,18
11,19	8,18
11,19	8,18
11,19	8,18
11,19	8,19
11,19	8,20
11,19	8,20
11,20	8,19
11,20	8,21
11,20	8,21
11,20	8,21
11,20	8,22
11,21	8,22
11,21	8,22
11,21	8,22
11,21	8,23
11,22	8,22
11,22	8,23
11,22	8,24
11,22	8,24
11,22	8,24
11,22	8,25
11,22	8,25
11,23	8,26
11,23	8,28
11,23	8,26
11,23	8,27
11,23	8,26
11,23	8,27
11,24	8,28
11,24	8,27
11,24	8,29
11,24	8,29
11,24	8,31
11,25	8,30
11,25	8,30
11,25	8,30
11,25	8,30
11,25	8,31
11,25	8,32
11,26	8,32
11,26	8,33
11,26	8,32
11,26	8,34
11,26	8,32
11,27	8,32
11,27	8,36
11,27	8,35
11,27	8,34
11,27	8,35
11,27	8,35
11,28	8,37
11,28	8,38
11,28	8,38
11,28	8,38
11,28	8,38
11,29	8,38
11,29	8,40
11,29	8,41
11,29	8,41
11,29	8,42
11,30	8,43
11,30	8,44
11,30	8,44
11,30	8,46
11,30	8,44
11,30	8,47
11,31	8,47
11,31	8,48
11,31	8,49
11,31	8,49
11,31	8,50
11,31	8,50
11,32	8,50
11,32	8,51
11,32	8,51
11,32	8,51
11,32	8,52
11,32	8,52
11,33	8,54
11,33	8,53
11,33	8,54
11,33	8,54
11,33	8,55
11,33	8,55
11,34	8,55
11,34	8,56
11,34	8,56
11,34	8,59
11,34	8,59
11,34	8,59
11,35	8,60
11,35	8,60
11,35	8,61
11,35	8,61
11,35	8,64
11,36	8,63
11,36	8,64
11,36	8,65
11,36	8,65
11,36	8,65
11,37	8,66
11,37	8,66
11,37	8,67
11,37	8,69
11,37	8,69
11,37	8,69
11,38	8,70
11,38	8,71
11,38	8,72
11,38	8,73
11,39	8,74
11,39	8,74
11,39	8,74
11,39	8,74
11,39	8,76
11,39	8,77
11,40	8,77
11,40	8,77
11,40	8,78
11,40	8,78
11,40	8,78
11,40	8,78
11,41	8,79
11,41	8,80
11,41	8,81
11,41	8,82
11,41	8,82
11,41	8,83
11,42	8,83
11,42	8,84
11,42	8,84
11,42	8,85
11,42	8,86
11,42	8,86
11,43	8,88
11,43	8,88
11,43	8,88
11,43	8,89
11,43	8,89
11,43	8,89
11,43	8,89
11,44	8,90
11,44	8,91
11,44	8,91
11,44	8,91
11,44	8,92
11,44	8,92
11,44	8,95
11,45	8,95
11,45	8,95
11,45	8,95
11,45	8,96
11,45	8,96
11,46	8,96
11,46	8,97
11,46	8,97
11,46	8,98
11,46	8,98
11,46	9,00
11,46	8,99
11,47	9,00
11,47	9,01
11,47	9,03
11,47	9,02
11,47	9,03
11,47	9,04
11,48	9,04
11,48	9,04
11,48	9,04
11,48	9,05
11,48	9,07
11,48	9,08
11,48	9,08
11,49	9,08
11,49	9,09
11,49	9,09
11,49	9,10
11,49	9,10
11,49	9,10
11,49	9,10
11,50	9,11
11,50	9,11
11,50	9,12
11,50	9,13
11,50	9,13
11,50	9,13
11,51	9,13
11,51	9,14
11,51	9,15
11,51	9,16
11,51	9,16
11,51	9,16
11,52	9,19
11,52	9,19
11,52	9,21
11,52	9,20
11,52	9,20
11,52	9,21
11,53	9,25
11,53	9,25
11,53	9,26
11,53	9,27
11,53	9,26
11,54	9,27
11,54	9,26
11,54	9,26
11,54	9,26
11,54	9,31
11,54	9,31
11,55	9,31
11,55	9,32
11,55	9,36
11,55	9,33
11,55	9,33
11,55	9,33
11,55	9,34
11,56	9,34
11,56	9,35
11,56	9,39
11,56	9,40
11,56	9,40
11,57	9,41
11,57	9,43
11,57	9,42
11,57	9,42
11,57	9,46
11,58	9,47
11,58	9,46
11,58	9,46
11,58	9,48
11,58	9,49
11,58	9,49
11,58	9,49
11,59	9,50
11,59	9,51
11,59	9,51
11,59	9,51
11,59	9,51
11,59	9,54
11,60	9,57
11,60	9,57
11,60	9,59
11,60	9,58
11,61	9,58
11,61	9,58
11,61	9,58
11,61	9,58
11,61	9,65
11,61	9,64
11,62	9,65
11,62	9,68
11,62	9,67
11,62	9,67
11,62	9,71
11,62	9,68
11,63	9,71
11,63	9,72
11,63	9,74
11,63	9,75
11,63	9,75
11,63	9,75
11,64	9,76
11,64	9,77
11,64	9,78
11,64	9,79
11,64	9,81
11,64	9,82
11,64	9,83
11,65	9,84
11,65	9,84
11,65	9,85
11,65	9,86
11,65	9,87
11,65	9,88
11,65	9,88
11,66	9,89
11,66	9,90
11,66	9,91
11,66	9,92
11,66	9,92
11,66	9,93
11,67	9,93
11,67	9,95
11,67	9,95
11,67	9,97
11,67	9,98
11,67	9,98
11,67	9,99
11,68	9,99
11,68	10,00
11,68	10,00
11,68	10,04
11,68	10,05
11,68	10,05
11,69	10,06
11,69	10,06
11,69	10,11
11,69	10,11
11,69	10,10
11,70	10,12
11,70	9,97
11,70	9,95
11,70	9,90
11,70	9,90
