Tensão U2	Tensão U1
U2/V	U1/V

-0,03	0,02
-0,03	0,02
-0,03	0,02
-0,03	0,02
-0,03	0,02
-0,03	0,02
-0,02	0,02
-0,01	0,02
0,00	0,02
0,01	0,02
0,03	0,02
0,05	0,02
0,07	0,02
0,09	0,02
0,10	0,02
0,12	0,02
0,14	0,02
0,17	0,02
0,19	0,02
0,21	0,02
0,22	0,02
0,24	0,02
0,26	0,02
0,28	0,02
0,30	0,02
0,32	0,02
0,34	0,02
0,35	0,02
0,37	0,02
0,39	0,02
0,41	0,02
0,43	0,02
0,45	0,02
0,47	0,02
0,48	0,02
0,50	0,02
0,52	0,02
0,54	0,02
0,56	0,02
0,58	0,02
0,60	0,02
0,62	0,02
0,64	0,02
0,66	0,02
0,68	0,02
0,69	0,02
0,71	0,02
0,73	0,02
0,75	0,02
0,77	0,02
0,79	0,02
0,81	0,02
0,82	0,02
0,84	0,02
0,86	0,02
0,88	0,02
0,90	0,02
0,92	0,02
0,94	0,02
0,96	0,02
0,97	0,02
0,99	0,02
1,01	0,02
1,03	0,02
1,04	0,02
1,06	0,02
1,08	0,02
1,10	0,02
1,11	0,02
1,13	0,02
1,15	0,02
1,17	0,02
1,18	0,02
1,20	0,02
1,22	0,02
1,24	0,02
1,26	0,02
1,28	0,02
1,29	0,02
1,31	0,02
1,33	0,02
1,35	0,02
1,37	0,02
1,38	0,02
1,40	0,02
1,42	0,03
1,44	0,03
1,46	0,03
1,47	0,03
1,49	0,03
1,51	0,03
1,53	0,03
1,54	0,03
1,56	0,03
1,58	0,03
1,59	0,03
1,61	0,03
1,63	0,03
1,65	0,03
1,66	0,03
1,68	0,03
1,70	0,03
1,72	0,03
1,74	0,03
1,75	0,03
1,77	0,04
1,79	0,04
1,81	0,04
1,82	0,04
1,84	0,04
1,86	0,04
1,87	0,04
1,89	0,04
1,91	0,04
1,93	0,04
1,94	0,04
1,96	0,04
1,98	0,04
1,99	0,04
2,01	0,04
2,03	0,04
2,04	0,04
2,06	0,04
2,08	0,05
2,10	0,05
2,11	0,05
2,13	0,05
2,15	0,05
2,16	0,05
2,18	0,05
2,20	0,05
2,21	0,05
2,23	0,05
2,24	0,05
2,26	0,05
2,28	0,05
2,30	0,05
2,31	0,05
2,33	0,05
2,35	0,05
2,37	0,05
2,38	0,05
2,40	0,05
2,42	0,05
2,44	0,05
2,45	0,05
2,47	0,05
2,49	0,05
2,50	0,05
2,52	0,05
2,53	0,05
2,55	0,06
2,56	0,06
2,58	0,06
2,59	0,06
2,61	0,06
2,63	0,06
2,64	0,06
2,66	0,06
2,68	0,06
2,69	0,06
2,71	0,06
2,73	0,06
2,74	0,06
2,76	0,06
2,78	0,06
2,79	0,06
2,81	0,06
2,82	0,06
2,84	0,06
2,86	0,06
2,87	0,06
2,89	0,06
2,90	0,06
2,92	0,06
2,94	0,06
2,95	0,06
2,97	0,06
2,98	0,06
3,00	0,06
3,01	0,06
3,03	0,06
3,05	0,06
3,06	0,06
3,08	0,06
3,09	0,06
3,11	0,06
3,12	0,06
3,14	0,06
3,15	0,06
3,17	0,06
3,19	0,06
3,20	0,06
3,22	0,06
3,23	0,06
3,25	0,06
3,26	0,06
3,28	0,06
3,29	0,06
3,31	0,06
3,32	0,06
3,34	0,06
3,35	0,06
3,37	0,06
3,39	0,06
3,40	0,06
3,42	0,06
3,43	0,06
3,45	0,06
3,46	0,06
3,48	0,06
3,49	0,06
3,51	0,06
3,53	0,06
3,54	0,06
3,56	0,06
3,57	0,06
3,59	0,06
3,60	0,06
3,62	0,06
3,63	0,06
3,65	0,06
3,66	0,06
3,68	0,07
3,69	0,07
3,71	0,07
3,72	0,07
3,74	0,07
3,75	0,07
3,77	0,07
3,78	0,07
3,80	0,07
3,81	0,07
3,83	0,07
3,84	0,07
3,85	0,07
3,87	0,07
3,88	0,07
3,90	0,08
3,91	0,08
3,92	0,08
3,94	0,08
3,95	0,08
3,97	0,08
3,99	0,08
4,00	0,08
4,01	0,08
4,03	0,08
4,04	0,08
4,06	0,09
4,07	0,09
4,09	0,09
4,11	0,09
4,12	0,09
4,13	0,09
4,15	0,09
4,16	0,09
4,18	0,09
4,19	0,10
4,21	0,10
4,22	0,10
4,23	0,10
4,25	0,10
4,26	0,10
4,28	0,10
4,29	0,10
4,30	0,11
4,32	0,11
4,33	0,11
4,35	0,11
4,36	0,11
4,38	0,11
4,39	0,11
4,40	0,11
4,42	0,12
4,43	0,12
4,45	0,12
4,46	0,12
4,48	0,12
4,49	0,12
4,51	0,12
4,52	0,13
4,53	0,13
4,55	0,13
4,56	0,13
4,58	0,13
4,59	0,13
4,60	0,13
4,62	0,13
4,63	0,14
4,64	0,14
4,66	0,14
4,67	0,14
4,69	0,14
4,70	0,14
4,72	0,14
4,73	0,14
4,75	0,14
4,76	0,14
4,78	0,14
4,79	0,14
4,80	0,15
4,82	0,15
4,83	0,15
4,84	0,15
4,86	0,15
4,87	0,15
4,88	0,15
4,89	0,15
4,91	0,15
4,92	0,15
4,93	0,15
4,95	0,15
4,96	0,15
4,97	0,15
4,99	0,15
5,00	0,15
5,01	0,15
5,03	0,16
5,04	0,16
5,05	0,16
5,07	0,16
5,08	0,16
5,09	0,16
5,11	0,16
5,12	0,16
5,14	0,16
5,15	0,16
5,16	0,16
5,18	0,16
5,19	0,16
5,20	0,16
5,22	0,16
5,23	0,16
5,24	0,16
5,25	0,16
5,27	0,16
5,28	0,16
5,30	0,16
5,31	0,16
5,32	0,16
5,33	0,16
5,35	0,16
5,36	0,16
5,37	0,16
5,39	0,16
5,40	0,16
5,41	0,16
5,43	0,16
5,44	0,16
5,45	0,16
5,47	0,16
5,48	0,16
5,49	0,16
5,51	0,16
5,52	0,16
5,53	0,16
5,55	0,15
5,56	0,15
5,57	0,15
5,58	0,15
5,59	0,15
5,61	0,15
5,62	0,15
5,63	0,15
5,64	0,15
5,66	0,15
5,67	0,15
5,68	0,15
5,70	0,15
5,71	0,15
5,72	0,15
5,73	0,15
5,74	0,15
5,76	0,15
5,77	0,15
5,79	0,15
5,80	0,15
5,81	0,15
5,82	0,15
5,83	0,15
5,85	0,15
5,86	0,15
5,87	0,15
5,88	0,15
5,89	0,15
5,91	0,15
5,92	0,15
5,94	0,15
5,95	0,15
5,96	0,15
5,97	0,15
5,99	0,15
6,00	0,15
6,01	0,15
6,03	0,15
6,04	0,15
6,05	0,15
6,06	0,15
6,07	0,15
6,08	0,15
6,10	0,15
6,11	0,15
6,12	0,15
6,14	0,15
6,15	0,15
6,16	0,15
6,17	0,15
6,18	0,15
6,20	0,15
6,21	0,16
6,22	0,16
6,23	0,16
6,24	0,16
6,25	0,16
6,26	0,16
6,28	0,16
6,29	0,16
6,30	0,16
6,31	0,16
6,33	0,16
6,34	0,16
6,35	0,16
6,36	0,16
6,38	0,16
6,39	0,16
6,40	0,16
6,42	0,17
6,42	0,17
6,44	0,17
6,45	0,17
6,46	0,17
6,47	0,17
6,49	0,17
6,50	0,17
6,51	0,18
6,53	0,18
6,54	0,18
6,55	0,18
6,56	0,18
6,58	0,18
6,59	0,18
6,60	0,19
6,60	0,19
6,61	0,19
6,63	0,19
6,64	0,19
6,65	0,20
6,66	0,20
6,67	0,20
6,68	0,20
6,69	0,21
6,70	0,21
6,71	0,21
6,73	0,21
6,74	0,22
6,75	0,22
6,76	0,22
6,78	0,22
6,79	0,23
6,80	0,23
6,81	0,23
6,82	0,24
6,83	0,24
6,84	0,24
6,84	0,24
6,85	0,25
6,86	0,25
6,88	0,25
6,89	0,25
6,90	0,26
6,91	0,26
6,92	0,26
6,94	0,26
6,95	0,27
6,96	0,27
6,97	0,27
6,98	0,27
6,99	0,27
7,01	0,28
7,02	0,28
7,03	0,28
7,04	0,28
7,05	0,29
7,07	0,29
7,08	0,29
7,09	0,29
7,10	0,29
7,12	0,30
7,13	0,30
7,14	0,30
7,15	0,30
7,16	0,30
7,17	0,30
7,18	0,31
7,19	0,31
7,20	0,31
7,21	0,31
7,23	0,31
7,24	0,31
7,25	0,31
7,26	0,32
7,27	0,32
7,29	0,32
7,30	0,32
7,31	0,32
7,32	0,32
7,33	0,32
7,34	0,32
7,35	0,32
7,36	0,33
7,37	0,33
7,38	0,33
7,38	0,33
7,39	0,33
7,41	0,33
7,41	0,33
7,42	0,33
7,44	0,33
7,44	0,33
7,45	0,33
7,47	0,33
7,48	0,34
7,49	0,34
7,50	0,34
7,51	0,34
7,52	0,34
7,53	0,34
7,54	0,34
7,56	0,34
7,56	0,34
7,57	0,34
7,58	0,34
7,59	0,34
7,61	0,34
7,62	0,34
7,63	0,34
7,64	0,34
7,65	0,34
7,66	0,34
7,67	0,34
7,68	0,34
7,69	0,34
7,70	0,34
7,71	0,34
7,71	0,34
7,72	0,34
7,74	0,34
7,75	0,34
7,76	0,34
7,77	0,34
7,78	0,34
7,80	0,34
7,81	0,34
7,82	0,34
7,83	0,34
7,84	0,34
7,85	0,34
7,86	0,34
7,87	0,34
7,88	0,34
7,89	0,34
7,90	0,34
7,90	0,34
7,91	0,34
7,92	0,34
7,93	0,34
7,94	0,34
7,95	0,34
7,96	0,34
7,97	0,34
7,98	0,33
7,99	0,33
8,00	0,33
8,01	0,33
8,02	0,33
8,03	0,33
8,04	0,33
8,05	0,33
8,07	0,33
8,07	0,33
8,08	0,33
8,09	0,33
8,10	0,33
8,11	0,33
8,13	0,33
8,14	0,33
8,15	0,33
8,16	0,33
8,16	0,33
8,17	0,33
8,18	0,32
8,19	0,32
8,20	0,32
8,21	0,32
8,22	0,32
8,23	0,32
8,24	0,32
8,25	0,32
8,26	0,32
8,27	0,32
8,28	0,32
8,29	0,32
8,30	0,32
8,31	0,32
8,32	0,32
8,32	0,32
8,34	0,32
8,34	0,32
8,35	0,32
8,37	0,31
8,38	0,31
8,39	0,31
8,40	0,31
8,40	0,31
8,41	0,31
8,43	0,31
8,44	0,31
8,44	0,31
8,45	0,31
8,46	0,31
8,47	0,31
8,48	0,31
8,49	0,31
8,50	0,31
8,51	0,31
8,52	0,31
8,53	0,31
8,54	0,31
8,55	0,31
8,56	0,31
8,57	0,31
8,58	0,31
8,59	0,31
8,60	0,31
8,61	0,31
8,62	0,31
8,63	0,31
8,64	0,31
8,64	0,31
8,65	0,31
8,66	0,31
8,67	0,31
8,68	0,31
8,69	0,31
8,70	0,31
8,71	0,31
8,71	0,31
8,72	0,31
8,73	0,31
8,74	0,31
8,75	0,31
8,76	0,31
8,77	0,31
8,78	0,31
8,79	0,31
8,80	0,31
8,81	0,31
8,82	0,31
8,83	0,31
8,84	0,31
8,84	0,31
8,85	0,31
8,86	0,31
8,87	0,31
8,88	0,32
8,89	0,32
8,90	0,32
8,91	0,32
8,92	0,32
8,93	0,32
8,94	0,32
8,95	0,32
8,95	0,32
8,96	0,32
8,97	0,32
8,98	0,32
8,99	0,33
9,00	0,33
9,01	0,33
9,02	0,33
9,02	0,33
9,03	0,33
9,04	0,33
9,05	0,33
9,06	0,33
9,07	0,33
9,08	0,34
9,09	0,34
9,10	0,34
9,11	0,34
9,12	0,34
9,13	0,34
9,13	0,34
9,14	0,35
9,15	0,35
9,16	0,35
9,17	0,35
9,18	0,35
9,19	0,36
9,19	0,36
9,20	0,36
9,21	0,36
9,22	0,36
9,23	0,37
9,24	0,37
9,25	0,37
9,26	0,37
9,27	0,37
9,27	0,37
9,28	0,38
9,29	0,38
9,29	0,38
9,30	0,38
9,31	0,39
9,32	0,39
9,33	0,39
9,34	0,39
9,35	0,40
9,36	0,40
9,37	0,40
9,37	0,40
9,39	0,40
9,40	0,41
9,40	0,41
9,41	0,41
9,42	0,41
9,43	0,42
9,44	0,42
9,45	0,42
9,46	0,42
9,47	0,43
9,48	0,43
9,48	0,43
9,49	0,43
9,50	0,44
9,51	0,44
9,52	0,44
9,53	0,44
9,53	0,45
9,54	0,45
9,55	0,45
9,56	0,46
9,57	0,46
9,57	0,46
9,58	0,46
9,59	0,47
9,60	0,47
9,60	0,47
9,61	0,48
9,62	0,48
9,63	0,48
9,64	0,48
9,64	0,49
9,65	0,49
9,66	0,49
9,67	0,50
9,68	0,50
9,68	0,50
9,69	0,50
9,70	0,51
9,71	0,51
9,72	0,51
9,73	0,51
9,73	0,52
9,74	0,52
9,75	0,52
9,76	0,53
9,77	0,53
9,78	0,53
9,78	0,53
9,79	0,54
9,80	0,54
9,81	0,54
9,82	0,54
9,82	0,55
9,83	0,55
9,84	0,55
9,85	0,55
9,85	0,56
9,86	0,56
9,87	0,56
9,88	0,56
9,89	0,56
9,90	0,57
9,90	0,57
9,91	0,57
9,92	0,57
9,93	0,57
9,94	0,58
9,94	0,58
9,95	0,58
9,96	0,58
9,97	0,58
9,98	0,58
9,99	0,59
9,99	0,59
10,00	0,59
10,01	0,59
10,02	0,59
10,03	0,59
10,03	0,60
10,04	0,60
10,05	0,60
10,06	0,60
10,06	0,60
10,07	0,60
10,08	0,60
10,09	0,61
10,10	0,61
10,10	0,61
10,11	0,61
10,12	0,61
10,13	0,61
10,14	0,61
10,14	0,61
10,15	0,61
10,16	0,62
10,16	0,62
10,17	0,62
10,18	0,62
10,19	0,62
10,19	0,62
10,20	0,62
10,21	0,62
10,22	0,62
10,22	0,62
10,23	0,62
10,24	0,63
10,25	0,63
10,25	0,63
10,26	0,63
10,27	0,63
10,27	0,63
10,28	0,63
10,29	0,63
10,30	0,63
10,31	0,63
10,32	0,63
10,32	0,63
10,33	0,63
10,34	0,63
10,35	0,63
10,35	0,63
10,36	0,63
10,37	0,63
10,37	0,63
10,38	0,63
10,39	0,63
10,40	0,63
10,40	0,63
10,41	0,63
10,42	0,63
10,42	0,63
10,43	0,63
10,44	0,63
10,45	0,63
10,45	0,63
10,46	0,63
10,47	0,63
10,48	0,63
10,48	0,63
10,49	0,62
10,50	0,62
10,51	0,62
10,52	0,62
10,53	0,62
10,53	0,62
10,54	0,62
10,55	0,62
10,56	0,62
10,56	0,62
10,57	0,62
10,58	0,62
10,58	0,62
10,59	0,62
10,60	0,62
10,60	0,62
10,61	0,62
10,62	0,62
10,62	0,62
10,63	0,62
10,64	0,62
10,65	0,62
10,65	0,61
10,66	0,61
10,67	0,61
10,67	0,61
10,68	0,61
10,69	0,61
10,69	0,61
10,70	0,61
10,71	0,61
10,72	0,61
10,72	0,61
10,73	0,61
10,74	0,61
10,74	0,61
10,75	0,61
10,76	0,61
10,77	0,60
10,77	0,60
10,78	0,60
10,79	0,60
10,80	0,60
10,80	0,60
10,81	0,60
10,82	0,60
10,82	0,60
10,83	0,60
10,83	0,60
10,84	0,60
10,85	0,60
10,86	0,59
10,86	0,59
10,87	0,59
10,88	0,59
10,88	0,59
10,89	0,59
10,90	0,59
10,90	0,59
10,91	0,59
10,92	0,59
10,92	0,59
10,93	0,59
10,94	0,59
10,95	0,59
10,95	0,59
10,96	0,59
10,97	0,58
10,98	0,58
10,98	0,58
10,99	0,58
11,00	0,58
11,00	0,58
11,01	0,58
11,02	0,58
11,02	0,58
11,03	0,58
11,03	0,58
11,04	0,58
11,05	0,58
11,05	0,58
11,06	0,58
11,06	0,58
11,07	0,58
11,08	0,58
11,08	0,57
11,09	0,57
11,10	0,57
11,10	0,57
11,11	0,57
11,12	0,57
11,13	0,57
11,13	0,57
11,14	0,57
11,15	0,57
11,15	0,57
11,16	0,57
11,17	0,57
11,18	0,57
11,18	0,57
11,19	0,57
11,20	0,57
11,20	0,57
11,21	0,57
11,22	0,57
11,22	0,57
11,23	0,57
11,24	0,57
11,24	0,57
11,25	0,57
11,25	0,57
11,26	0,57
11,27	0,57
11,27	0,57
11,28	0,57
11,28	0,57
11,29	0,57
11,30	0,57
11,30	0,57
11,31	0,57
11,32	0,57
11,32	0,57
11,33	0,57
11,34	0,57
11,34	0,57
11,35	0,57
11,35	0,57
11,36	0,57
11,37	0,57
11,37	0,57
11,38	0,57
11,39	0,57
11,39	0,57
11,40	0,57
11,41	0,57
11,41	0,57
11,42	0,57
11,42	0,57
11,43	0,58
11,44	0,58
11,44	0,58
11,45	0,58
11,46	0,58
11,46	0,58
11,47	0,58
11,48	0,58
11,48	0,58
11,49	0,58
11,50	0,58
11,50	0,58
11,51	0,58
11,51	0,58
11,52	0,58
11,53	0,58
11,53	0,59
11,54	0,59
11,54	0,59
11,55	0,59
11,56	0,59
11,56	0,59
11,57	0,59
11,58	0,59
11,58	0,59
11,59	0,59
11,60	0,60
11,60	0,60
11,61	0,60
11,61	0,60
11,62	0,60
11,63	0,60
11,63	0,60
11,64	0,61
11,64	0,61
11,65	0,61
11,65	0,61
11,66	0,61
11,67	0,61
11,67	0,61
11,68	0,61
11,68	0,61
11,69	0,62
11,69	0,62
11,70	0,62
11,70	0,62
11,71	0,62
11,72	0,62
11,72	0,62
11,73	0,63
11,73	0,63
11,74	0,63
11,75	0,63
11,75	0,63
11,76	0,63
11,76	0,64
11,77	0,64
11,78	0,64
11,78	0,64
11,79	0,64
11,79	0,65
11,80	0,65
11,81	0,65
11,82	0,65
11,82	0,65
11,83	0,65
11,83	0,66
11,84	0,66
11,85	0,66
11,85	0,66
11,86	0,67
11,86	0,67
11,87	0,67
11,87	0,67
11,88	0,67
11,89	0,68
11,89	0,68
11,90	0,68
11,90	0,68
11,91	0,68
11,92	0,69
11,92	0,69
11,93	0,69
11,93	0,69
11,94	0,69
11,94	0,70
11,95	0,70
11,96	0,70
11,97	0,70
11,97	0,71
11,97	0,71
11,98	0,71
11,99	0,72
11,99	0,72
12,00	0,72
12,00	0,72
12,01	0,73
12,01	0,73
12,02	0,73
12,02	0,73
12,03	0,74
12,03	0,74
12,04	0,74
12,04	0,74
12,05	0,75
12,05	0,75
12,06	0,75
12,07	0,76
12,07	0,76
12,08	0,76
12,08	0,76
12,09	0,77
12,10	0,77
12,11	0,77
12,11	0,77
12,12	0,78
12,12	0,78
12,13	0,78
12,13	0,79
12,14	0,79
12,15	0,79
12,15	0,80
12,16	0,80
12,16	0,80
12,17	0,80
12,17	0,81
12,18	0,81
12,18	0,81
12,19	0,82
12,19	0,82
12,20	0,83
12,20	0,83
12,21	0,83
12,22	0,83
12,22	0,84
12,23	0,84
12,24	0,84
12,24	0,85
12,25	0,85
12,26	0,85
12,26	0,86
12,27	0,86
12,27	0,86
12,28	0,87
12,28	0,87
12,29	0,87
12,29	0,87
12,30	0,88
12,30	0,88
12,31	0,88
12,31	0,89
12,32	0,89
12,32	0,89
12,33	0,89
12,34	0,90
12,34	0,90
12,35	0,90
12,36	0,91
12,36	0,91
12,36	0,91
12,37	0,91
12,37	0,92
12,38	0,92
12,38	0,92
12,39	0,93
12,39	0,93
12,39	0,93
12,40	0,94
12,40	0,94
12,41	0,94
12,42	0,94
12,42	0,95
12,43	0,95
12,43	0,95
12,44	0,96
12,44	0,96
12,45	0,96
12,46	0,96
12,46	0,97
12,47	0,97
12,47	0,97
12,48	0,97
12,48	0,98
12,49	0,98
12,49	0,98
12,50	0,98
12,51	0,99
12,51	0,99
12,52	0,99
12,52	0,99
12,53	1,00
12,54	1,00
12,54	1,00
12,54	1,00
12,55	1,00
12,55	1,01
12,55	1,01
12,56	1,01
12,56	1,01
12,57	1,02
12,57	1,02
12,58	1,02
12,59	1,02
12,59	1,03
12,59	1,03
12,60	1,03
12,61	1,03
12,61	1,03
12,61	1,04
12,62	1,04
12,62	1,04
12,63	1,04
12,63	1,04
12,64	1,05
12,64	1,05
12,65	1,05
12,65	1,05
12,66	1,05
12,66	1,05
12,67	1,06
12,67	1,06
12,68	1,06
12,68	1,06
12,69	1,06
12,69	1,07
12,70	1,07
12,70	1,07
12,71	1,07
12,72	1,07
12,72	1,07
12,72	1,08
12,73	1,08
12,74	1,08
12,74	1,08
12,74	1,08
12,75	1,08
12,75	1,08
12,75	1,08
12,76	1,09
12,77	1,09
12,77	1,09
12,78	1,09
12,78	1,09
12,78	1,09
12,79	1,09
12,80	1,09
12,80	1,10
12,81	1,10
12,81	1,10
12,82	1,10
12,82	1,10
12,83	1,10
12,83	1,10
12,84	1,10
12,84	1,10
12,85	1,10
12,85	1,10
12,86	1,11
12,86	1,11
12,87	1,11
12,87	1,11
12,88	1,11
12,88	1,11
12,89	1,11
12,89	1,11
12,89	1,11
12,90	1,11
12,90	1,11
12,91	1,11
12,91	1,11
12,92	1,11
12,92	1,11
12,93	1,11
12,94	1,12
12,94	1,12
12,94	1,12
12,95	1,12
12,95	1,12
12,96	1,12
12,96	1,12
12,97	1,12
12,97	1,12
12,97	1,12
12,98	1,12
12,98	1,12
12,99	1,12
13,00	1,12
13,00	1,12
13,01	1,12
13,01	1,12
13,01	1,12
13,02	1,12
13,02	1,12
13,03	1,12
13,03	1,12
13,03	1,12
13,04	1,12
13,04	1,12
13,05	1,12
13,05	1,12
13,06	1,12
13,06	1,12
13,07	1,12
13,07	1,12
13,08	1,12
13,08	1,12
13,09	1,12
13,09	1,12
13,10	1,12
13,10	1,12
13,10	1,12
13,11	1,12
13,11	1,12
13,12	1,12
13,12	1,12
13,12	1,12
13,13	1,12
13,13	1,12
13,14	1,12
13,14	1,12
13,15	1,12
13,15	1,12
13,16	1,12
13,16	1,12
13,17	1,12
13,17	1,12
13,18	1,12
13,19	1,12
13,19	1,12
13,19	1,12
13,20	1,12
13,20	1,11
13,21	1,11
13,21	1,11
13,22	1,11
13,22	1,11
13,23	1,11
13,23	1,11
13,23	1,11
13,24	1,11
13,24	1,11
13,24	1,11
13,25	1,11
13,25	1,11
13,25	1,11
13,26	1,11
13,26	1,11
13,26	1,11
13,27	1,11
13,27	1,11
13,28	1,11
13,28	1,11
13,29	1,11
13,30	1,11
13,30	1,11
13,30	1,11
13,31	1,11
13,32	1,10
13,32	1,10
13,32	1,10
13,33	1,10
13,33	1,10
13,34	1,10
13,34	1,10
13,35	1,10
13,35	1,10
13,36	1,10
13,36	1,10
13,36	1,10
13,37	1,10
13,37	1,10
13,38	1,10
13,38	1,09
13,38	1,09
13,39	1,09
13,39	1,09
13,39	1,09
13,40	1,09
13,40	1,09
13,40	1,09
13,41	1,09
13,41	1,09
13,42	1,09
13,42	1,09
13,43	1,09
13,43	1,09
13,43	1,09
13,44	1,09
13,44	1,09
13,45	1,09
13,45	1,09
13,46	1,09
13,46	1,09
13,47	1,09
13,47	1,09
13,47	1,09
13,48	1,08
13,48	1,08
13,49	1,08
13,49	1,08
13,50	1,08
13,50	1,08
13,50	1,08
13,51	1,08
13,51	1,08
13,52	1,08
13,52	1,08
13,53	1,08
13,53	1,08
13,53	1,08
13,53	1,08
13,54	1,08
13,55	1,08
13,55	1,07
13,55	1,07
13,56	1,07
13,56	1,07
13,57	1,07
13,57	1,07
13,57	1,07
13,58	1,07
13,58	1,07
13,59	1,07
13,59	1,07
13,60	1,07
13,60	1,07
13,60	1,07
13,61	1,07
13,61	1,07
13,61	1,07
13,62	1,07
13,62	1,07
13,62	1,07
13,63	1,07
13,63	1,07
13,64	1,07
13,64	1,07
13,64	1,07
13,65	1,06
13,65	1,06
13,66	1,06
13,66	1,06
13,66	1,06
13,67	1,06
13,67	1,06
13,68	1,06
13,68	1,06
13,68	1,06
13,69	1,06
13,69	1,06
13,70	1,06
13,70	1,06
13,71	1,06
13,71	1,06
13,71	1,06
13,72	1,06
13,72	1,06
13,73	1,06
13,73	1,06
13,73	1,06
13,74	1,06
13,74	1,06
13,74	1,06
13,75	1,06
13,75	1,06
13,76	1,06
13,76	1,06
13,76	1,06
13,77	1,05
13,77	1,05
13,78	1,05
13,78	1,05
13,78	1,05
13,79	1,05
13,80	1,05
13,80	1,05
13,80	1,05
13,81	1,05
13,81	1,05
13,81	1,05
13,82	1,05
13,82	1,05
13,82	1,05
13,83	1,05
13,83	1,05
13,83	1,05
13,84	1,05
13,84	1,05
13,85	1,05
13,85	1,05
13,85	1,05
13,86	1,05
13,86	1,05
13,86	1,05
13,87	1,05
13,87	1,05
13,87	1,05
13,88	1,05
13,88	1,05
13,89	1,05
13,89	1,05
13,89	1,05
13,90	1,05
13,90	1,05
13,90	1,05
13,91	1,05
13,91	1,05
13,91	1,05
13,92	1,05
13,92	1,05
13,92	1,05
13,93	1,05
13,93	1,05
13,94	1,05
13,94	1,05
13,94	1,05
13,95	1,05
13,95	1,05
13,96	1,05
13,96	1,06
13,97	1,06
13,97	1,06
13,97	1,06
13,98	1,06
13,98	1,06
13,98	1,06
13,98	1,06
13,98	1,06
13,99	1,06
13,99	1,06
13,99	1,06
14,00	1,06
14,00	1,06
14,01	1,06
14,01	1,06
14,02	1,06
14,02	1,06
14,02	1,06
14,03	1,06
14,03	1,06
14,03	1,06
14,04	1,06
14,04	1,06
14,04	1,06
14,05	1,06
14,05	1,06
14,05	1,07
14,06	1,07
14,06	1,07
14,07	1,07
14,07	1,07
14,07	1,07
14,08	1,07
14,08	1,07
14,09	1,07
14,09	1,07
14,09	1,07
14,10	1,07
14,10	1,07
14,10	1,07
14,11	1,07
14,11	1,07
14,11	1,07
14,11	1,07
14,12	1,07
14,12	1,08
14,13	1,08
14,13	1,08
14,13	1,08
14,14	1,08
14,14	1,08
14,15	1,08
14,15	1,08
14,15	1,08
14,16	1,08
14,16	1,08
14,17	1,08
14,17	1,08
14,17	1,09
14,18	1,09
14,18	1,09
14,18	1,09
14,18	1,09
14,19	1,09
14,19	1,09
14,20	1,09
14,20	1,09
14,20	1,09
14,21	1,09
14,21	1,09
14,21	1,10
14,22	1,10
14,22	1,10
14,22	1,10
14,23	1,10
14,23	1,10
14,23	1,10
14,24	1,10
14,24	1,10
14,24	1,11
14,25	1,11
14,25	1,11
14,25	1,11
14,26	1,11
14,26	1,11
14,26	1,11
14,27	1,11
14,27	1,11
14,28	1,11
14,28	1,11
14,28	1,12
14,29	1,12
14,29	1,12
14,29	1,12
14,30	1,12
14,30	1,12
14,30	1,12
14,30	1,12
14,31	1,12
14,31	1,13
14,31	1,13
14,32	1,13
14,32	1,13
14,32	1,13
14,33	1,13
14,33	1,13
14,34	1,13
14,34	1,14
14,34	1,14
14,35	1,14
14,35	1,14
14,35	1,14
14,35	1,14
14,36	1,14
14,36	1,15
14,36	1,15
14,37	1,15
14,37	1,15
14,37	1,15
14,38	1,15
14,38	1,15
14,39	1,15
14,39	1,16
14,39	1,16
14,39	1,16
14,40	1,16
14,40	1,16
14,40	1,16
14,41	1,16
14,41	1,17
14,41	1,17
14,41	1,17
14,42	1,17
14,42	1,17
14,43	1,17
14,43	1,18
14,43	1,18
14,43	1,18
14,44	1,18
14,44	1,18
14,44	1,18
14,45	1,19
14,45	1,19
14,45	1,19
14,45	1,19
14,46	1,19
14,46	1,19
14,46	1,19
14,47	1,20
14,47	1,20
14,47	1,20
14,48	1,20
14,48	1,20
14,48	1,20
14,49	1,21
14,49	1,21
14,49	1,21
14,49	1,21
14,50	1,21
14,50	1,21
14,50	1,22
14,51	1,22
14,51	1,22
14,51	1,22
14,52	1,23
14,52	1,23
14,52	1,23
14,52	1,23
14,53	1,23
14,53	1,23
14,53	1,24
14,53	1,24
14,54	1,24
14,55	1,24
14,55	1,25
14,55	1,25
14,56	1,25
14,56	1,25
14,56	1,25
14,57	1,25
14,58	1,26
14,58	1,26
14,59	1,26
14,59	1,26
14,59	1,26
14,60	1,27
14,60	1,27
14,60	1,27
14,60	1,28
14,61	1,27
14,61	1,27
14,61	1,28
14,61	1,29
14,62	1,29
14,62	1,29
14,63	1,29
14,63	1,29
14,64	1,30
14,64	1,30
14,64	1,30
14,64	1,31
14,65	1,30
14,65	1,30
14,65	1,31
14,65	1,31
14,66	1,32
14,66	1,32
14,66	1,33
14,66	1,32
14,67	1,33
14,68	1,33
14,68	1,33
14,69	1,34
14,69	1,34
14,69	1,34
14,70	1,34
14,71	1,35
14,71	1,35
14,71	1,35
14,72	1,35
14,72	1,36
14,73	1,36
14,73	1,36
14,73	1,37
14,73	1,37
14,74	1,37
14,74	1,37
14,74	1,38
14,75	1,38
14,75	1,39
14,75	1,39
14,75	1,39
14,76	1,39
14,76	1,40
14,76	1,40
14,77	1,40
14,77	1,40
14,77	1,41
14,78	1,41
14,78	1,41
14,78	1,41
14,79	1,42
14,79	1,42
14,79	1,42
14,79	1,42
14,79	1,42
14,80	1,43
14,80	1,43
14,81	1,43
14,81	1,44
14,81	1,44
14,81	1,45
14,82	1,45
14,82	1,45
14,82	1,45
14,82	1,46
14,83	1,46
14,83	1,46
14,84	1,46
14,84	1,47
14,84	1,47
14,85	1,47
14,85	1,47
14,86	1,48
14,86	1,48
14,86	1,48
14,87	1,49
14,87	1,49
14,87	1,49
14,88	1,49
14,88	1,50
14,88	1,50
14,88	1,50
14,88	1,50
14,89	1,51
14,89	1,51
14,89	1,51
14,90	1,51
14,90	1,52
14,90	1,52
14,90	1,52
14,91	1,52
14,91	1,53
14,91	1,53
14,91	1,53
14,92	1,53
14,92	1,54
14,92	1,54
14,93	1,54
14,93	1,55
14,94	1,55
14,94	1,55
14,94	1,55
14,94	1,56
14,95	1,56
14,95	1,56
14,95	1,57
14,96	1,57
14,96	1,57
14,96	1,57
14,96	1,58
14,97	1,58
14,97	1,58
14,97	1,59
14,98	1,59
14,98	1,59
14,98	1,59
14,98	1,59
14,99	1,60
14,99	1,60
15,00	1,60
15,00	1,60
15,00	1,61
15,00	1,61
15,01	1,61
15,01	1,61
15,01	1,62
15,01	1,62
15,02	1,62
15,02	1,62
15,02	1,63
15,02	1,63
15,02	1,63
15,03	1,63
15,03	1,64
15,03	1,64
15,03	1,64
15,03	1,64
15,04	1,65
15,04	1,65
15,04	1,65
15,05	1,65
15,05	1,65
15,05	1,66
15,06	1,66
15,06	1,66
15,06	1,66
15,06	1,67
15,07	1,67
15,07	1,67
15,07	1,67
15,08	1,67
15,08	1,68
15,08	1,68
15,08	1,68
15,09	1,68
15,09	1,68
15,09	1,69
15,09	1,69
15,09	1,69
15,10	1,69
15,10	1,70
15,10	1,70
15,10	1,70
15,10	1,70
15,10	1,71
15,11	1,71
15,11	1,71
15,11	1,71
15,12	1,71
15,12	1,72
15,12	1,72
15,13	1,72
15,13	1,72
15,13	1,72
15,14	1,73
15,14	1,73
15,14	1,73
15,14	1,73
15,14	1,74
15,15	1,74
15,15	1,74
15,15	1,74
15,15	1,74
15,16	1,75
15,16	1,75
15,16	1,75
15,16	1,75
15,17	1,75
15,17	1,76
15,17	1,76
15,17	1,76
15,18	1,76
15,18	1,76
15,18	1,77
15,18	1,77
15,18	1,77
15,19	1,77
15,19	1,78
15,19	1,78
15,19	1,78
15,20	1,78
15,20	1,78
15,20	1,78
15,20	1,79
15,21	1,79
15,21	1,79
15,21	1,79
15,21	1,80
15,21	1,80
15,22	1,80
15,22	1,80
15,22	1,80
15,22	1,81
15,23	1,81
15,23	1,81
15,23	1,81
15,24	1,82
15,24	1,82
15,24	1,82
15,24	1,82
15,25	1,82
15,25	1,82
15,25	1,83
15,26	1,83
15,26	1,83
15,26	1,83
15,26	1,84
15,27	1,84
15,27	1,84
15,27	1,84
15,27	1,84
15,28	1,84
15,28	1,84
15,28	1,85
15,28	1,85
15,29	1,85
15,29	1,85
15,30	1,85
15,30	1,86
15,30	1,86
15,30	1,86
15,31	1,86
15,31	1,87
15,31	1,87
15,31	1,87
15,31	1,87
15,32	1,87
15,32	1,87
15,32	1,88
15,33	1,88
15,33	1,88
15,33	1,88
15,33	1,88
15,34	1,89
15,34	1,89
15,34	1,89
15,35	1,89
15,35	1,89
15,35	1,89
15,35	1,89
15,35	1,90
15,36	1,90
15,36	1,90
15,36	1,90
15,36	1,90
15,36	1,90
15,36	1,91
15,37	1,91
15,37	1,91
15,37	1,91
15,38	1,91
15,38	1,91
15,38	1,92
15,38	1,92
15,39	1,92
15,39	1,92
15,39	1,92
15,40	1,93
15,40	1,93
15,40	1,93
15,40	1,93
15,40	1,93
15,41	1,94
15,41	1,93
15,41	1,94
15,41	1,94
15,42	1,94
15,42	1,94
15,42	1,94
15,42	1,95
15,43	1,95
15,43	1,95
15,44	1,95
15,44	1,95
15,44	1,95
15,44	1,96
15,45	1,96
15,45	1,96
15,45	1,96
15,46	1,96
15,46	1,96
15,46	1,96
15,46	1,96
15,47	1,96
15,47	1,97
15,47	1,97
15,48	1,97
15,48	1,97
15,48	1,97
15,48	1,97
15,48	1,97
15,49	1,97
15,49	1,97
15,49	1,97
15,49	1,97
15,49	1,98
15,49	1,98
15,50	1,98
15,50	1,98
15,50	1,98
15,50	1,98
15,51	1,98
15,51	1,98
15,51	1,98
15,51	1,98
15,51	1,99
15,52	1,99
15,52	1,99
15,52	1,99
15,52	1,99
15,52	1,99
15,53	1,99
15,53	1,99
15,53	1,99
15,53	2,00
15,53	2,00
15,54	2,00
15,54	2,00
15,54	2,00
15,54	2,00
15,55	2,00
15,55	2,00
15,55	2,00
15,55	2,00
15,55	2,00
15,56	2,00
15,56	2,00
15,56	2,01
15,57	2,01
15,57	2,01
15,57	2,01
15,57	2,01
15,58	2,01
15,58	2,01
15,58	2,01
15,58	2,01
15,59	2,01
15,59	2,02
15,59	2,02
15,59	2,02
15,59	2,02
15,60	2,02
15,60	2,02
15,60	2,02
15,60	2,02
15,60	2,02
15,61	2,02
15,61	2,02
15,61	2,02
15,61	2,02
15,61	2,02
15,61	2,02
15,61	2,02
15,62	2,02
15,62	2,03
15,62	2,03
15,63	2,03
15,63	2,03
15,63	2,03
15,63	2,03
15,63	2,03
15,64	2,03
15,64	2,03
15,64	2,03
15,64	2,03
15,64	2,03
15,65	2,03
15,65	2,03
15,65	2,03
15,65	2,03
15,66	2,04
15,66	2,04
15,66	2,04
15,67	2,04
15,67	2,04
15,67	2,04
15,67	2,04
15,68	2,04
15,68	2,04
15,68	2,04
15,68	2,04
15,68	2,04
15,68	2,04
15,69	2,04
15,69	2,04
15,69	2,04
15,69	2,04
15,69	2,04
15,69	2,04
15,70	2,04
15,70	2,05
15,70	2,05
15,70	2,05
15,70	2,05
15,71	2,05
15,71	2,05
15,71	2,05
15,71	2,05
15,72	2,05
15,72	2,05
15,72	2,05
15,72	2,05
15,72	2,05
15,72	2,05
15,73	2,05
15,73	2,05
15,73	2,05
15,73	2,05
15,74	2,05
15,74	2,05
15,74	2,05
15,74	2,05
15,75	2,05
15,75	2,05
15,75	2,05
15,75	2,06
15,75	2,06
15,75	2,06
15,76	2,06
15,76	2,06
15,76	2,06
15,76	2,06
15,76	2,06
15,77	2,06
15,77	2,06
15,77	2,06
15,77	2,06
15,77	2,06
15,78	2,06
15,78	2,06
15,78	2,06
15,78	2,06
15,78	2,06
15,79	2,06
15,79	2,06
15,79	2,06
15,79	2,06
15,79	2,06
15,80	2,06
15,80	2,06
15,80	2,06
15,80	2,06
15,81	2,06
15,81	2,06
15,81	2,06
15,81	2,06
15,81	2,06
15,82	2,06
15,82	2,06
15,82	2,06
15,82	2,06
15,83	2,06
15,83	2,06
15,83	2,06
15,83	2,06
15,84	2,06
15,84	2,06
15,84	2,06
15,84	2,06
15,84	2,06
15,84	2,07
15,85	2,07
15,85	2,07
15,85	2,07
15,85	2,07
15,85	2,07
15,85	2,07
15,86	2,07
15,86	2,07
15,86	2,07
15,86	2,07
15,86	2,07
15,87	2,07
15,87	2,07
15,87	2,07
15,87	2,07
15,87	2,07
15,87	2,07
15,88	2,07
15,88	2,07
15,88	2,07
15,88	2,07
15,88	2,07
15,89	2,07
15,89	2,07
15,89	2,07
15,89	2,07
15,89	2,07
15,90	2,07
15,90	2,07
15,90	2,07
15,90	2,07
15,90	2,07
15,91	2,07
15,91	2,07
15,91	2,07
15,91	2,07
15,91	2,07
15,92	2,07
15,92	2,07
15,92	2,07
15,92	2,07
15,92	2,07
15,93	2,07
15,93	2,07
15,93	2,07
15,93	2,07
15,94	2,07
15,94	2,07
15,94	2,07
15,94	2,07
15,94	2,07
15,94	2,07
15,95	2,07
15,95	2,07
15,95	2,07
15,95	2,07
15,95	2,07
15,96	2,07
15,96	2,07
15,96	2,07
15,96	2,07
15,96	2,07
15,97	2,07
15,97	2,07
15,97	2,07
15,97	2,07
15,98	2,07
15,98	2,07
15,98	2,07
15,98	2,07
15,98	2,07
15,99	2,07
15,99	2,07
15,99	2,07
15,99	2,08
15,99	2,08
16,00	2,08
16,00	2,07
16,00	2,07
16,00	2,07
16,00	2,07
16,00	2,07
16,00	2,07
16,01	2,07
16,01	2,07
16,01	2,07
16,01	2,07
16,01	2,07
16,02	2,07
16,02	2,07
16,02	2,07
16,02	2,08
16,02	2,08
16,03	2,08
16,03	2,08
16,03	2,08
16,03	2,08
16,03	2,08
16,04	2,08
16,04	2,08
16,04	2,08
16,04	2,08
16,05	2,08
16,05	2,08
16,05	2,08
16,05	2,08
16,05	2,08
16,05	2,08
16,05	2,08
16,06	2,08
16,06	2,08
16,06	2,08
16,06	2,08
16,06	2,08
16,07	2,08
16,07	2,08
16,07	2,08
16,07	2,08
16,08	2,08
16,08	2,08
16,08	2,08
16,08	2,08
16,08	2,08
16,09	2,08
16,09	2,08
16,09	2,08
16,09	2,08
16,09	2,08
16,09	2,08
16,10	2,08
16,10	2,08
16,10	2,08
16,10	2,08
16,10	2,08
16,10	2,08
16,11	2,08
16,11	2,08
16,11	2,08
16,11	2,08
16,12	2,08
16,12	2,08
16,12	2,08
16,12	2,08
16,13	2,08
16,13	2,08
16,13	2,08
16,13	2,08
16,14	2,08
16,14	2,08
16,14	2,08
16,14	2,08
16,14	2,09
16,14	2,09
16,15	2,09
16,15	2,09
16,15	2,09
16,15	2,09
16,15	2,09
16,16	2,09
16,16	2,09
16,16	2,09
16,17	2,09
16,17	2,09
16,18	2,09
16,18	2,09
16,18	2,09
16,18	2,09
16,18	2,09
16,19	2,09
16,19	2,09
16,19	2,09
16,19	2,09
16,20	2,09
16,20	2,09
16,20	2,09
16,20	2,09
16,21	2,09
16,21	2,09
16,21	2,09
16,21	2,09
16,21	2,09
16,21	2,09
16,22	2,09
16,22	2,09
16,22	2,09
16,22	2,09
16,22	2,09
16,23	2,09
16,23	2,09
16,23	2,09
16,23	2,10
16,23	2,10
16,23	2,09
16,23	2,09
16,24	2,10
16,24	2,10
16,24	2,10
16,24	2,10
16,24	2,10
16,25	2,10
16,25	2,10
16,25	2,10
16,25	2,10
16,26	2,10
16,26	2,10
16,26	2,10
16,26	2,10
16,26	2,10
16,27	2,10
16,27	2,10
16,27	2,10
16,27	2,10
16,27	2,10
16,28	2,10
16,28	2,10
16,28	2,10
16,28	2,10
16,28	2,10
16,29	2,10
16,29	2,10
16,29	2,10
16,29	2,10
16,29	2,10
16,29	2,10
16,30	2,10
16,30	2,10
16,30	2,10
16,30	2,10
16,31	2,10
16,31	2,10
16,31	2,10
16,31	2,10
16,31	2,10
16,32	2,10
16,32	2,10
16,32	2,10
16,32	2,10
16,32	2,10
16,33	2,10
16,33	2,10
16,33	2,10
16,33	2,10
16,33	2,10
16,34	2,10
16,34	2,11
16,34	2,11
16,35	2,11
16,35	2,11
16,35	2,11
16,35	2,11
16,35	2,11
16,35	2,11
16,35	2,11
16,36	2,11
16,36	2,11
16,36	2,11
16,36	2,11
16,36	2,11
16,36	2,11
16,37	2,11
16,37	2,11
16,38	2,11
16,38	2,11
16,38	2,11
16,38	2,11
16,38	2,11
16,38	2,11
16,39	2,11
16,39	2,11
16,39	2,11
16,39	2,11
16,40	2,11
16,40	2,11
16,40	2,11
16,40	2,11
16,40	2,12
16,40	2,12
16,41	2,12
16,41	2,12
16,41	2,12
16,41	2,12
16,41	2,12
16,42	2,12
16,42	2,12
16,42	2,12
16,42	2,12
16,42	2,12
16,42	2,12
16,43	2,12
16,43	2,12
16,43	2,12
16,43	2,12
16,43	2,12
16,43	2,12
16,44	2,12
16,44	2,12
16,44	2,12
16,44	2,13
16,44	2,13
16,45	2,13
16,45	2,13
16,45	2,13
16,45	2,13
16,45	2,13
16,45	2,13
16,46	2,13
16,46	2,13
16,46	2,13
16,46	2,13
16,46	2,13
16,46	2,13
16,47	2,13
16,47	2,13
16,47	2,13
16,47	2,13
16,47	2,13
16,47	2,13
16,47	2,13
16,48	2,13
16,48	2,13
16,48	2,13
16,48	2,13
16,48	2,14
16,48	2,14
16,49	2,14
16,49	2,14
16,49	2,14
16,49	2,14
16,49	2,14
16,49	2,14
16,50	2,14
16,50	2,14
16,50	2,14
16,50	2,14
16,50	2,14
16,51	2,14
16,51	2,14
16,51	2,14
16,51	2,14
16,51	2,14
16,51	2,14
16,51	2,14
16,52	2,15
16,52	2,15
16,52	2,15
16,52	2,15
16,52	2,15
16,52	2,15
16,53	2,15
16,53	2,15
16,53	2,15
16,53	2,15
16,53	2,15
16,53	2,15
16,53	2,15
16,54	2,15
16,54	2,15
16,54	2,15
16,54	2,15
16,54	2,15
16,55	2,15
16,55	2,16
16,55	2,16
16,55	2,16
16,55	2,16
16,55	2,16
16,56	2,16
16,56	2,16
16,56	2,16
16,56	2,16
16,56	2,16
16,56	2,16
16,56	2,16
16,57	2,16
16,57	2,16
16,57	2,16
16,57	2,16
16,57	2,16
16,58	2,16
16,58	2,16
16,58	2,16
16,58	2,17
16,58	2,17
16,58	2,17
16,58	2,17
16,59	2,17
16,59	2,17
16,59	2,17
16,59	2,17
16,59	2,17
16,59	2,17
16,60	2,17
16,60	2,17
16,60	2,17
16,60	2,17
16,60	2,18
16,61	2,18
16,61	2,18
16,61	2,18
16,61	2,18
16,61	2,18
16,62	2,18
16,62	2,18
16,62	2,18
16,62	2,18
16,62	2,18
16,62	2,18
16,63	2,19
16,63	2,19
16,63	2,19
16,63	2,19
16,63	2,19
16,63	2,19
16,64	2,19
16,64	2,19
16,64	2,19
16,64	2,19
16,64	2,19
16,64	2,19
16,64	2,19
16,65	2,19
16,65	2,20
16,65	2,20
16,65	2,20
16,65	2,20
16,65	2,20
16,65	2,20
16,66	2,20
16,66	2,20
16,66	2,20
16,66	2,20
16,66	2,20
16,67	2,21
16,67	2,21
16,67	2,21
16,67	2,21
16,67	2,21
16,67	2,21
16,67	2,21
16,68	2,21
16,68	2,21
16,68	2,21
16,68	2,21
16,68	2,22
16,68	2,22
16,69	2,22
16,69	2,22
16,69	2,22
16,69	2,22
16,69	2,22
16,69	2,22
16,69	2,22
16,70	2,23
16,70	2,23
16,70	2,23
16,70	2,23
16,70	2,23
16,71	2,23
16,71	2,23
16,71	2,23
16,71	2,23
16,71	2,23
16,72	2,24
16,72	2,24
16,72	2,24
16,72	2,24
16,72	2,24
16,72	2,24
16,73	2,24
16,73	2,24
16,73	2,25
16,73	2,25
16,73	2,25
16,73	2,25
16,73	2,25
16,74	2,25
16,74	2,25
16,74	2,25
16,74	2,25
16,74	2,25
16,74	2,25
16,75	2,25
16,75	2,25
16,75	2,25
16,75	2,25
16,75	2,25
16,75	2,26
16,75	2,26
16,76	2,26
16,76	2,26
16,76	2,26
16,76	2,26
16,76	2,25
16,76	2,25
16,77	2,25
16,77	2,25
16,77	2,25
16,77	2,25
16,77	2,25
16,77	2,24
16,77	2,24
16,78	2,24
16,78	2,23
16,78	2,23
16,78	2,23
16,78	2,23
16,79	2,23
16,79	2,22
16,79	2,22
16,79	2,22
16,79	2,21
16,79	2,21
16,80	2,21
16,80	2,20
16,80	2,19
16,80	2,18
16,81	2,18
16,81	2,18
16,81	2,17
16,81	2,17
16,81	2,17
16,81	2,16
16,82	2,15
16,82	2,15
16,82	2,14
16,82	2,14
16,82	2,14
16,82	2,14
16,82	2,13
16,83	2,13
16,83	2,13
16,83	2,13
16,83	2,13
16,83	2,12
16,83	2,11
16,83	2,11
16,84	2,10
16,84	2,10
16,84	2,10
16,84	2,10
16,84	2,10
16,84	2,09
16,84	2,09
16,85	2,09
16,85	2,08
16,85	2,08
16,85	2,08
16,85	2,08
16,85	2,08
16,86	2,07
16,86	2,07
16,86	2,07
16,86	2,06
16,86	2,05
16,86	2,05
16,86	2,05
16,87	2,05
16,87	2,04
16,87	2,04
16,87	2,04
16,87	2,02
16,88	2,04
16,88	2,04
16,88	2,04
16,88	2,04
16,88	2,03
16,88	2,02
16,89	2,02
16,89	2,02
16,89	2,02
16,90	2,01
16,90	2,01
16,90	2,01
16,90	2,01
16,90	2,01
16,91	2,01
16,91	2,00
16,91	2,00
16,91	2,00
16,91	2,00
16,91	2,00
16,91	2,00
16,92	2,00
16,92	2,00
16,92	2,00
16,92	2,00
16,92	2,00
16,92	2,00
16,93	1,99
16,93	1,99
16,93	1,99
16,93	1,99
16,93	1,99
16,93	1,99
16,93	1,99
16,94	1,99
16,94	1,99
16,94	1,99
16,94	1,99
16,94	1,99
16,94	1,99
16,95	1,99
16,95	1,99
16,95	1,99
16,95	1,99
16,95	1,99
16,95	1,99
16,96	1,99
16,96	1,99
16,96	1,99
16,96	1,99
16,96	1,99
16,97	1,99
16,97	1,99
16,97	1,99
16,97	1,99
16,97	1,99
16,97	1,99
16,97	1,99
16,98	1,99
16,98	1,99
16,98	1,99
16,98	1,99
16,98	1,99
16,98	1,99
16,99	1,99
16,99	1,99
16,99	1,99
16,99	1,99
16,99	1,99
16,99	1,99
17,00	1,99
17,00	1,99
17,00	1,99
17,00	2,00
17,00	2,00
17,00	2,00
17,00	2,00
17,01	2,00
17,01	2,00
17,01	2,00
17,01	2,00
17,01	2,00
17,01	2,00
17,01	2,00
17,02	2,00
17,02	2,00
17,02	2,00
17,02	2,00
17,02	2,00
17,02	2,00
17,02	2,00
17,03	2,00
17,03	2,01
17,03	2,01
17,03	2,01
17,03	2,01
17,03	2,01
17,04	2,01
17,04	2,01
17,04	2,01
17,04	2,01
17,04	2,02
17,04	2,02
17,04	2,02
17,05	2,02
17,05	2,02
17,05	2,02
