Tensão U2	Tensão U1
U2/V	U1/V

0,14	0,23
0,15	0,23
0,16	0,23
0,16	0,23
0,17	0,23
0,18	0,23
0,19	0,23
0,21	0,23
0,21	0,23
0,22	0,23
0,23	0,23
0,25	0,23
0,26	0,23
0,27	0,23
0,28	0,23
0,29	0,23
0,30	0,23
0,31	0,23
0,32	0,23
0,33	0,23
0,34	0,23
0,35	0,23
0,36	0,24
0,36	0,24
0,37	0,24
0,38	0,24
0,39	0,24
0,40	0,24
0,41	0,24
0,42	0,24
0,43	0,24
0,45	0,24
0,45	0,24
0,47	0,24
0,48	0,24
0,49	0,24
0,50	0,24
0,51	0,24
0,52	0,24
0,53	0,24
0,54	0,24
0,55	0,24
0,56	0,24
0,57	0,24
0,58	0,24
0,59	0,25
0,60	0,25
0,61	0,25
0,62	0,25
0,63	0,25
0,64	0,25
0,64	0,25
0,65	0,25
0,66	0,25
0,67	0,25
0,68	0,25
0,70	0,25
0,70	0,25
0,71	0,25
0,72	0,26
0,73	0,26
0,75	0,26
0,75	0,26
0,76	0,26
0,77	0,26
0,78	0,26
0,79	0,26
0,80	0,26
0,81	0,26
0,82	0,26
0,83	0,26
0,84	0,27
0,85	0,27
0,86	0,27
0,87	0,27
0,88	0,27
0,88	0,27
0,90	0,27
0,91	0,27
0,92	0,27
0,93	0,27
0,94	0,28
0,94	0,28
0,95	0,28
0,96	0,28
0,97	0,28
0,98	0,28
0,99	0,28
1,00	0,29
1,01	0,29
1,02	0,29
1,03	0,29
1,03	0,29
1,04	0,29
1,05	0,29
1,06	0,30
1,07	0,30
1,08	0,30
1,09	0,30
1,10	0,30
1,11	0,30
1,12	0,31
1,13	0,31
1,14	0,31
1,15	0,31
1,16	0,31
1,17	0,31
1,17	0,32
1,18	0,32
1,19	0,32
1,20	0,32
1,21	0,32
1,22	0,32
1,23	0,33
1,24	0,33
1,25	0,33
1,26	0,33
1,26	0,33
1,27	0,34
1,28	0,34
1,29	0,34
1,30	0,34
1,31	0,35
1,32	0,35
1,33	0,35
1,34	0,35
1,35	0,36
1,36	0,36
1,37	0,36
1,38	0,36
1,38	0,37
1,39	0,37
1,40	0,37
1,41	0,37
1,42	0,38
1,43	0,38
1,44	0,38
1,44	0,38
1,45	0,39
1,46	0,39
1,47	0,39
1,48	0,39
1,49	0,40
1,49	0,40
1,50	0,40
1,51	0,41
1,52	0,41
1,53	0,41
1,54	0,42
1,55	0,42
1,56	0,42
1,56	0,42
1,57	0,43
1,58	0,43
1,59	0,43
1,60	0,44
1,61	0,44
1,62	0,44
1,63	0,45
1,63	0,45
1,64	0,45
1,65	0,45
1,66	0,46
1,67	0,46
1,67	0,46
1,68	0,47
1,69	0,47
1,70	0,47
1,71	0,48
1,72	0,48
1,73	0,48
1,74	0,49
1,74	0,49
1,75	0,49
1,76	0,50
1,77	0,50
1,78	0,50
1,79	0,51
1,80	0,51
1,81	0,51
1,81	0,52
1,82	0,52
1,83	0,52
1,83	0,53
1,84	0,53
1,85	0,53
1,86	0,54
1,87	0,54
1,88	0,54
1,89	0,55
1,90	0,55
1,91	0,55
1,92	0,55
1,93	0,56
1,93	0,56
1,93	0,56
1,95	0,57
1,95	0,57
1,96	0,57
1,97	0,58
1,97	0,58
1,98	0,58
1,99	0,58
2,00	0,59
2,01	0,59
2,02	0,59
2,03	0,60
2,03	0,60
2,04	0,60
2,05	0,60
2,06	0,61
2,07	0,61
2,07	0,61
2,08	0,61
2,09	0,62
2,10	0,62
2,10	0,62
2,11	0,62
2,12	0,63
2,13	0,63
2,14	0,63
2,15	0,63
2,15	0,64
2,16	0,64
2,17	0,64
2,18	0,64
2,19	0,64
2,20	0,65
2,20	0,65
2,21	0,65
2,22	0,65
2,23	0,65
2,23	0,66
2,24	0,66
2,25	0,66
2,26	0,66
2,27	0,66
2,27	0,67
2,28	0,67
2,29	0,67
2,30	0,67
2,31	0,67
2,32	0,68
2,32	0,68
2,33	0,68
2,34	0,68
2,35	0,68
2,36	0,68
2,37	0,69
2,37	0,69
2,38	0,69
2,39	0,69
2,40	0,69
2,40	0,69
2,41	0,69
2,42	0,69
2,43	0,70
2,43	0,70
2,44	0,70
2,45	0,70
2,46	0,70
2,47	0,70
2,47	0,70
2,48	0,71
2,48	0,71
2,49	0,71
2,50	0,71
2,51	0,71
2,51	0,71
2,52	0,71
2,53	0,71
2,54	0,71
2,54	0,71
2,55	0,72
2,56	0,72
2,57	0,72
2,57	0,72
2,58	0,72
2,59	0,72
2,60	0,72
2,61	0,72
2,61	0,72
2,62	0,72
2,63	0,72
2,63	0,72
2,64	0,73
2,65	0,73
2,66	0,73
2,66	0,73
2,67	0,73
2,68	0,73
2,69	0,73
2,70	0,73
2,70	0,73
2,71	0,73
2,72	0,73
2,73	0,73
2,73	0,73
2,74	0,73
2,75	0,73
2,76	0,73
2,76	0,74
2,77	0,74
2,78	0,74
2,79	0,74
2,79	0,74
2,80	0,74
2,81	0,74
2,81	0,74
2,82	0,74
2,83	0,74
2,84	0,74
2,84	0,74
2,85	0,74
2,86	0,74
2,86	0,74
2,87	0,74
2,88	0,74
2,88	0,75
2,89	0,75
2,90	0,75
2,90	0,75
2,91	0,75
2,92	0,75
2,92	0,75
2,93	0,75
2,94	0,75
2,95	0,75
2,95	0,75
2,96	0,75
2,97	0,75
2,98	0,75
2,98	0,76
2,99	0,76
3,00	0,76
3,01	0,76
3,01	0,76
3,02	0,76
3,03	0,76
3,03	0,76
3,04	0,76
3,05	0,76
3,05	0,76
3,06	0,76
3,07	0,76
3,08	0,77
3,08	0,77
3,09	0,77
3,10	0,77
3,11	0,77
3,11	0,77
3,12	0,77
3,13	0,77
3,13	0,77
3,14	0,77
3,15	0,77
3,15	0,77
3,16	0,77
3,17	0,78
3,17	0,78
3,18	0,78
3,19	0,78
3,19	0,78
3,20	0,78
3,21	0,78
3,21	0,78
3,22	0,78
3,22	0,79
3,23	0,79
3,24	0,79
3,25	0,79
3,25	0,79
3,26	0,79
3,27	0,79
3,27	0,79
3,28	0,80
3,29	0,80
3,30	0,80
3,30	0,80
3,31	0,80
3,32	0,80
3,32	0,80
3,33	0,81
3,33	0,81
3,34	0,81
3,35	0,81
3,35	0,81
3,36	0,81
3,37	0,82
3,38	0,82
3,38	0,82
3,39	0,82
3,40	0,82
3,40	0,83
3,41	0,83
3,42	0,83
3,42	0,83
3,43	0,83
3,43	0,84
3,44	0,84
3,45	0,84
3,45	0,84
3,46	0,84
3,47	0,85
3,47	0,85
3,48	0,85
3,49	0,85
3,49	0,85
3,50	0,86
3,51	0,86
3,51	0,86
3,52	0,86
3,52	0,87
3,53	0,87
3,54	0,87
3,54	0,87
3,55	0,88
3,56	0,88
3,56	0,88
3,56	0,88
3,57	0,89
3,58	0,89
3,59	0,89
3,59	0,90
3,60	0,90
3,60	0,90
3,61	0,91
3,62	0,91
3,62	0,91
3,63	0,92
3,64	0,92
3,64	0,92
3,65	0,92
3,66	0,93
3,67	0,93
3,67	0,93
3,68	0,94
3,68	0,94
3,69	0,94
3,70	0,95
3,70	0,95
3,70	0,95
3,71	0,96
3,72	0,96
3,72	0,96
3,72	0,97
3,73	0,97
3,74	0,98
3,74	0,98
3,75	0,98
3,76	0,99
3,77	0,99
3,78	1,00
3,79	1,00
3,80	1,00
3,81	1,01
3,81	1,01
3,81	1,01
3,82	1,02
3,83	1,02
3,83	1,03
3,83	1,03
3,84	1,04
3,84	1,04
3,85	1,05
3,86	1,05
3,86	1,05
3,87	1,06
3,87	1,06
3,88	1,07
3,88	1,07
3,89	1,08
3,90	1,08
3,90	1,09
3,91	1,09
3,91	1,10
3,92	1,10
3,93	1,11
3,94	1,11
3,94	1,12
3,95	1,12
3,96	1,13
3,96	1,13
3,97	1,14
3,97	1,14
3,98	1,15
3,98	1,15
3,99	1,16
3,99	1,16
4,00	1,17
4,00	1,18
4,01	1,18
4,02	1,19
4,02	1,19
4,03	1,20
4,04	1,20
4,04	1,21
4,05	1,21
4,06	1,22
4,06	1,23
4,07	1,23
4,08	1,24
4,08	1,24
4,09	1,25
4,09	1,26
4,09	1,26
4,10	1,27
4,11	1,27
4,11	1,28
4,12	1,28
4,12	1,29
4,13	1,30
4,14	1,30
4,14	1,31
4,15	1,32
4,16	1,32
4,16	1,33
4,17	1,33
4,17	1,34
4,18	1,35
4,18	1,35
4,19	1,36
4,19	1,37
4,20	1,37
4,21	1,38
4,21	1,38
4,22	1,39
4,22	1,40
4,22	1,40
4,23	1,41
4,24	1,41
4,25	1,42
4,25	1,43
4,26	1,43
4,26	1,44
4,27	1,45
4,27	1,45
4,28	1,46
4,29	1,46
4,29	1,47
4,29	1,48
4,30	1,48
4,30	1,49
4,31	1,49
4,31	1,50
4,32	1,51
4,33	1,51
4,33	1,52
4,34	1,53
4,34	1,53
4,35	1,54
4,35	1,54
4,36	1,55
4,36	1,55
4,37	1,56
4,38	1,57
4,38	1,57
4,39	1,58
4,39	1,58
4,40	1,59
4,40	1,59
4,41	1,60
4,42	1,60
4,42	1,61
4,43	1,61
4,43	1,62
4,44	1,62
4,44	1,63
4,45	1,63
4,45	1,64
4,46	1,64
4,46	1,65
4,47	1,65
4,48	1,66
4,48	1,66
4,49	1,67
4,50	1,67
4,50	1,68
4,51	1,68
4,51	1,69
4,52	1,69
4,52	1,69
4,53	1,70
4,53	1,70
4,54	1,71
4,54	1,71
4,55	1,72
4,55	1,72
4,56	1,72
4,56	1,73
4,57	1,73
4,57	1,74
4,58	1,74
4,58	1,74
4,59	1,75
4,59	1,75
4,60	1,75
4,60	1,76
4,61	1,76
4,61	1,76
4,62	1,77
4,62	1,77
4,63	1,77
4,63	1,78
4,64	1,78
4,64	1,78
4,65	1,79
4,66	1,79
4,66	1,79
4,67	1,80
4,67	1,80
4,68	1,80
4,68	1,80
4,69	1,81
4,69	1,81
4,70	1,81
4,70	1,81
4,71	1,81
4,71	1,82
4,72	1,82
4,72	1,82
4,73	1,82
4,74	1,83
4,74	1,83
4,74	1,83
4,75	1,83
4,76	1,83
4,76	1,84
4,76	1,84
4,77	1,84
4,77	1,84
4,78	1,84
4,79	1,84
4,79	1,84
4,80	1,85
4,80	1,85
4,81	1,85
4,81	1,85
4,82	1,85
4,82	1,85
4,83	1,85
4,83	1,85
4,84	1,86
4,84	1,86
4,84	1,86
4,85	1,86
4,86	1,86
4,86	1,86
4,86	1,86
4,87	1,86
4,87	1,86
4,88	1,86
4,88	1,86
4,89	1,86
4,89	1,86
4,90	1,87
4,90	1,87
4,91	1,87
4,91	1,87
4,92	1,87
4,92	1,87
4,92	1,87
4,93	1,87
4,94	1,87
4,94	1,87
4,95	1,87
4,95	1,87
4,96	1,87
4,96	1,87
4,97	1,87
4,97	1,87
4,98	1,87
4,98	1,87
4,99	1,87
4,99	1,87
4,99	1,87
5,00	1,87
5,00	1,87
5,01	1,87
5,01	1,87
5,02	1,87
5,03	1,87
5,03	1,87
5,03	1,87
5,04	1,86
5,04	1,86
5,05	1,86
5,05	1,86
5,06	1,86
5,07	1,86
5,07	1,86
5,07	1,86
5,08	1,86
5,08	1,86
5,09	1,86
5,09	1,86
5,10	1,86
5,10	1,86
5,11	1,86
5,11	1,86
5,11	1,86
5,12	1,86
5,12	1,86
5,13	1,86
5,13	1,86
5,14	1,85
5,14	1,85
5,14	1,85
5,15	1,85
5,15	1,85
5,16	1,85
5,16	1,85
5,17	1,85
5,17	1,85
5,18	1,85
5,18	1,85
5,19	1,85
5,19	1,85
5,19	1,84
5,20	1,84
5,21	1,84
5,21	1,84
5,22	1,84
5,23	1,84
5,23	1,84
5,24	1,84
5,24	1,84
5,25	1,84
5,25	1,84
5,26	1,84
5,26	1,84
5,26	1,83
5,26	1,83
5,27	1,83
5,27	1,83
5,27	1,83
5,28	1,83
5,28	1,83
5,28	1,83
5,28	1,83
5,29	1,83
5,30	1,83
5,30	1,82
5,30	1,82
5,31	1,82
5,32	1,82
5,32	1,82
5,32	1,82
5,33	1,82
5,34	1,82
5,34	1,82
5,35	1,82
5,35	1,82
5,36	1,82
5,36	1,82
5,37	1,82
5,37	1,81
5,38	1,81
5,38	1,81
5,39	1,81
5,39	1,81
5,40	1,81
5,40	1,81
5,41	1,81
5,41	1,81
5,41	1,81
5,42	1,81
5,42	1,81
5,43	1,81
5,43	1,81
5,43	1,81
5,44	1,80
5,44	1,80
5,45	1,80
5,46	1,80
5,46	1,80
5,46	1,80
5,46	1,80
5,47	1,80
5,47	1,80
5,48	1,80
5,48	1,80
5,48	1,80
5,49	1,80
5,49	1,80
5,50	1,80
5,50	1,80
5,51	1,80
5,51	1,80
5,51	1,80
5,52	1,80
5,52	1,79
5,52	1,79
5,53	1,79
5,53	1,79
5,54	1,79
5,54	1,79
5,55	1,79
5,55	1,79
5,55	1,79
5,56	1,79
5,56	1,79
5,57	1,79
5,57	1,79
5,58	1,79
5,58	1,79
5,59	1,79
5,59	1,79
5,59	1,79
5,60	1,79
5,60	1,79
5,61	1,79
5,61	1,79
5,62	1,79
5,62	1,79
5,63	1,79
5,63	1,79
5,63	1,79
5,64	1,79
5,64	1,79
5,65	1,79
5,65	1,79
5,66	1,80
5,66	1,80
5,67	1,80
5,67	1,80
5,68	1,80
5,68	1,80
5,69	1,80
5,69	1,80
5,69	1,80
5,70	1,80
5,70	1,80
5,70	1,80
5,70	1,80
5,71	1,80
5,71	1,80
5,72	1,80
5,72	1,80
5,73	1,80
5,73	1,80
5,73	1,80
5,74	1,80
5,74	1,80
5,74	1,80
5,75	1,81
5,75	1,81
5,76	1,81
5,76	1,81
5,76	1,81
5,77	1,81
5,77	1,81
5,78	1,81
5,78	1,81
5,78	1,81
5,79	1,81
5,79	1,81
5,79	1,82
5,80	1,82
5,80	1,82
5,80	1,82
5,81	1,82
5,81	1,82
5,82	1,82
5,82	1,82
5,82	1,82
5,83	1,83
5,83	1,83
5,84	1,83
5,84	1,83
5,84	1,83
5,85	1,83
5,85	1,83
5,86	1,83
5,86	1,83
5,86	1,84
5,87	1,84
5,87	1,84
5,87	1,84
5,88	1,84
5,88	1,84
5,88	1,84
5,89	1,85
5,89	1,85
5,89	1,85
5,90	1,85
5,90	1,85
5,91	1,86
5,91	1,86
5,91	1,86
5,92	1,86
5,92	1,86
5,92	1,86
5,93	1,87
5,93	1,87
5,94	1,87
5,94	1,87
5,94	1,87
5,95	1,88
5,95	1,88
5,96	1,88
5,96	1,88
5,96	1,88
5,97	1,89
5,97	1,89
5,98	1,89
5,98	1,89
5,99	1,89
5,99	1,90
5,99	1,90
6,00	1,90
6,00	1,90
6,00	1,90
6,01	1,91
6,01	1,91
6,01	1,91
6,02	1,91
6,02	1,92
6,03	1,92
6,03	1,92
6,03	1,92
6,04	1,93
6,04	1,93
6,04	1,93
6,05	1,93
6,05	1,94
6,05	1,94
6,06	1,94
6,06	1,94
6,07	1,95
6,07	1,95
6,07	1,95
6,08	1,95
6,08	1,96
6,09	1,96
6,09	1,96
6,09	1,96
6,10	1,97
6,10	1,97
6,11	1,97
6,11	1,98
6,11	1,98
6,12	1,98
6,12	1,99
6,12	1,99
6,13	1,99
6,13	1,99
6,13	2,00
6,14	2,00
6,14	2,00
6,14	2,01
6,15	2,01
6,15	2,01
6,15	2,02
6,15	2,02
6,16	2,02
6,16	2,03
6,16	2,03
6,17	2,03
6,17	2,04
6,18	2,04
6,18	2,04
6,18	2,05
6,19	2,05
6,19	2,05
6,19	2,06
6,20	2,06
6,20	2,06
6,21	2,07
6,21	2,07
6,21	2,07
6,22	2,08
6,22	2,08
6,22	2,09
6,22	2,09
6,23	2,09
6,23	2,10
6,24	2,10
6,24	2,11
6,24	2,11
6,25	2,12
6,25	2,12
6,26	2,12
6,26	2,13
6,27	2,13
6,27	2,14
6,28	2,14
6,28	2,15
6,29	2,15
6,29	2,16
6,30	2,16
6,30	2,16
6,30	2,17
6,31	2,17
6,31	2,18
6,31	2,18
6,31	2,18
6,32	2,19
6,32	2,20
6,32	2,20
6,32	2,21
6,32	2,21
6,33	2,22
6,33	2,22
6,34	2,22
6,34	2,23
6,35	2,23
6,35	2,24
6,35	2,24
6,36	2,25
6,36	2,25
6,37	2,26
6,37	2,26
6,38	2,26
6,38	2,27
6,38	2,27
6,39	2,28
6,39	2,28
6,39	2,29
6,40	2,29
6,40	2,30
6,40	2,30
6,40	2,31
6,41	2,31
6,41	2,32
6,41	2,32
6,42	2,32
6,42	2,33
6,42	2,33
6,43	2,34
6,43	2,34
6,43	2,35
6,44	2,35
6,44	2,36
6,44	2,36
6,45	2,37
6,45	2,37
6,45	2,38
6,45	2,38
6,45	2,39
6,46	2,40
6,46	2,40
6,47	2,41
6,47	2,41
6,47	2,42
6,47	2,42
6,48	2,43
6,48	2,43
6,48	2,44
6,49	2,44
6,49	2,45
6,49	2,46
6,50	2,46
6,50	2,47
6,50	2,47
6,51	2,48
6,51	2,48
6,51	2,49
6,51	2,49
6,52	2,50
6,52	2,50
6,53	2,52
6,53	2,52
6,53	2,53
6,54	2,53
6,54	2,54
6,55	2,55
6,55	2,55
6,55	2,56
6,56	2,57
6,56	2,57
6,56	2,58
6,57	2,58
6,57	2,59
6,57	2,59
6,58	2,60
6,58	2,61
6,58	2,61
6,59	2,62
6,59	2,62
6,59	2,63
6,59	2,63
6,60	2,64
6,60	2,65
6,60	2,65
6,61	2,66
6,61	2,67
6,61	2,67
6,62	2,68
6,62	2,68
6,62	2,69
6,63	2,70
6,63	2,70
6,63	2,71
6,63	2,71
6,64	2,72
6,64	2,73
6,64	2,73
6,65	2,74
6,65	2,74
6,66	2,75
6,66	2,76
6,66	2,76
6,66	2,77
6,67	2,78
6,67	2,78
6,67	2,79
6,68	2,79
6,68	2,80
6,68	2,81
6,69	2,81
6,69	2,82
6,69	2,82
6,69	2,83
6,70	2,84
6,70	2,84
6,70	2,85
6,70	2,85
6,71	2,86
6,71	2,87
6,71	2,87
6,71	2,88
6,72	2,89
6,72	2,89
6,72	2,90
6,73	2,91
6,73	2,91
6,73	2,92
6,74	2,93
6,74	2,93
6,74	2,94
6,75	2,95
6,75	2,95
6,75	2,96
6,76	2,96
6,76	2,97
6,76	2,98
6,77	2,98
6,77	2,99
6,77	3,00
6,77	3,00
6,78	3,01
6,78	3,02
6,78	3,03
6,78	3,03
6,78	3,04
6,79	3,05
6,79	3,05
6,79	3,06
6,80	3,07
6,80	3,07
6,80	3,08
6,81	3,09
6,81	3,09
6,81	3,10
6,82	3,11
6,82	3,11
6,82	3,12
6,83	3,12
6,83	3,13
6,83	3,14
6,84	3,14
6,84	3,15
6,84	3,15
6,85	3,16
6,85	3,17
6,85	3,17
6,85	3,18
6,86	3,18
6,86	3,19
6,86	3,20
6,86	3,21
6,86	3,21
6,87	3,22
6,87	3,22
6,88	3,23
6,88	3,24
6,88	3,24
6,89	3,25
6,89	3,25
6,89	3,26
6,89	3,26
6,90	3,27
6,90	3,27
6,90	3,28
6,90	3,29
6,90	3,29
6,91	3,30
6,91	3,30
6,91	3,31
6,92	3,32
6,92	3,32
6,92	3,33
6,93	3,33
6,93	3,34
6,93	3,34
6,93	3,35
6,94	3,35
6,94	3,36
6,94	3,36
6,95	3,37
6,95	3,37
6,95	3,38
6,95	3,39
6,96	3,39
6,96	3,39
6,96	3,40
6,97	3,40
6,97	3,41
6,97	3,42
6,97	3,42
6,98	3,43
6,98	3,43
6,98	3,44
6,99	3,44
6,99	3,45
6,99	3,45
6,99	3,46
7,00	3,46
7,00	3,47
7,01	3,47
7,01	3,48
7,01	3,48
7,01	3,49
7,02	3,49
7,02	3,50
7,02	3,50
7,02	3,51
7,02	3,51
7,03	3,52
7,03	3,52
7,03	3,53
7,04	3,53
7,04	3,53
7,05	3,54
7,05	3,54
7,05	3,55
7,06	3,55
7,06	3,56
7,06	3,56
7,06	3,57
7,07	3,57
7,07	3,58
7,07	3,58
7,08	3,58
7,08	3,59
7,08	3,59
7,08	3,60
7,09	3,60
7,09	3,60
7,09	3,61
7,10	3,61
7,10	3,61
7,10	3,62
7,10	3,62
7,10	3,62
7,11	3,63
7,11	3,63
7,11	3,63
7,12	3,63
7,12	3,64
7,13	3,64
7,13	3,64
7,13	3,65
7,13	3,65
7,13	3,65
7,14	3,66
7,14	3,66
7,14	3,66
7,14	3,66
7,14	3,67
7,15	3,67
7,15	3,67
7,15	3,67
7,16	3,68
7,16	3,68
7,17	3,68
7,17	3,68
7,17	3,68
7,17	3,69
7,18	3,69
7,18	3,69
7,18	3,69
7,18	3,69
7,19	3,70
7,19	3,71
7,19	3,71
7,19	3,71
7,20	3,71
7,20	3,71
7,21	3,72
7,21	3,72
7,21	3,72
7,21	3,72
7,22	3,72
7,22	3,72
7,22	3,72
7,22	3,73
7,23	3,73
7,23	3,73
7,23	3,73
7,23	3,73
7,23	3,73
7,24	3,74
7,24	3,74
7,24	3,74
7,24	3,74
7,25	3,74
7,25	3,74
7,25	3,74
7,25	3,74
7,26	3,74
7,26	3,74
7,26	3,74
7,26	3,75
7,26	3,75
7,27	3,75
7,27	3,75
7,27	3,75
7,28	3,75
7,28	3,75
7,28	3,75
7,28	3,75
7,29	3,75
7,29	3,75
7,29	3,75
7,30	3,75
7,30	3,75
7,30	3,75
7,30	3,74
7,30	3,74
7,31	3,74
7,31	3,74
7,31	3,74
7,31	3,74
7,32	3,74
7,32	3,74
7,32	3,74
7,32	3,74
7,32	3,74
7,33	3,73
7,33	3,73
7,33	3,73
7,33	3,73
7,34	3,73
7,34	3,73
7,34	3,73
7,34	3,73
7,35	3,73
7,35	3,72
7,35	3,72
7,35	3,72
7,36	3,72
7,36	3,72
7,36	3,72
7,36	3,72
7,37	3,72
7,37	3,72
7,37	3,72
7,37	3,72
7,38	3,72
7,38	3,72
7,38	3,72
7,38	3,72
7,39	3,72
7,39	3,72
7,39	3,72
7,39	3,72
7,39	3,72
7,40	3,72
7,40	3,71
7,40	3,71
7,40	3,71
7,40	3,71
7,41	3,71
7,41	3,71
7,41	3,71
7,41	3,71
7,42	3,71
7,42	3,71
7,42	3,71
7,42	3,71
7,43	3,71
7,43	3,71
7,43	3,71
7,43	3,71
7,44	3,71
7,44	3,71
7,44	3,71
7,44	3,71
7,44	3,71
7,44	3,71
7,45	3,71
7,45	3,71
7,45	3,71
7,45	3,71
7,45	3,71
7,46	3,71
7,46	3,71
7,46	3,71
7,46	3,71
7,47	3,71
7,47	3,71
7,47	3,71
7,47	3,71
7,47	3,71
7,48	3,71
7,48	3,71
7,48	3,70
7,48	3,70
7,49	3,70
7,49	3,70
7,49	3,70
7,49	3,70
7,49	3,70
7,49	3,70
7,50	3,70
7,50	3,70
7,50	3,70
7,50	3,70
7,51	3,70
7,51	3,70
7,51	3,70
7,51	3,70
7,52	3,70
7,52	3,70
7,52	3,70
7,52	3,70
7,53	3,70
7,53	3,70
7,53	3,70
7,53	3,70
7,53	3,69
7,54	3,69
7,54	3,69
7,54	3,69
7,55	3,69
7,55	3,69
7,55	3,69
7,55	3,69
7,56	3,69
7,56	3,69
7,57	3,69
7,57	3,69
7,57	3,69
7,57	3,69
7,57	3,69
7,57	3,68
7,58	3,68
7,58	3,68
7,59	3,68
7,59	3,68
7,59	3,68
7,60	3,68
7,60	3,68
7,60	3,68
7,60	3,67
7,61	3,67
7,61	3,67
7,61	3,67
7,62	3,67
7,62	3,67
7,62	3,67
7,62	3,67
7,62	3,67
7,62	3,67
7,62	3,67
7,63	3,66
7,63	3,66
7,63	3,66
7,63	3,66
7,63	3,66
7,64	3,66
7,64	3,66
7,64	3,66
7,64	3,66
7,64	3,66
7,64	3,65
7,65	3,65
7,65	3,65
7,65	3,65
7,65	3,65
7,66	3,65
7,66	3,65
7,66	3,65
7,67	3,65
7,67	3,65
7,67	3,65
7,68	3,64
7,68	3,64
7,68	3,64
7,68	3,64
7,68	3,64
7,69	3,64
7,69	3,64
7,69	3,64
7,70	3,63
7,70	3,63
7,70	3,63
7,70	3,63
7,71	3,63
7,71	3,63
7,71	3,62
7,72	3,62
7,72	3,62
7,72	3,62
7,72	3,62
7,73	3,62
7,73	3,62
7,73	3,62
7,73	3,62
7,73	3,61
7,73	3,61
7,74	3,61
7,74	3,61
7,74	3,61
7,74	3,61
7,75	3,61
7,75	3,61
7,75	3,61
7,75	3,61
7,76	3,61
7,76	3,60
7,76	3,60
7,76	3,60
7,76	3,60
7,76	3,60
7,77	3,60
7,77	3,60
7,77	3,60
7,77	3,60
7,77	3,60
7,77	3,59
7,78	3,59
7,78	3,59
7,78	3,59
7,78	3,59
7,78	3,59
7,78	3,59
7,79	3,59
7,79	3,59
7,79	3,59
7,79	3,59
7,79	3,58
7,80	3,58
7,80	3,58
7,80	3,58
7,80	3,58
7,81	3,58
7,81	3,58
7,81	3,58
7,81	3,58
7,81	3,58
7,82	3,58
7,82	3,58
7,82	3,57
7,82	3,57
7,82	3,57
7,82	3,57
7,83	3,57
7,83	3,57
7,83	3,57
7,83	3,57
7,83	3,57
7,84	3,57
7,84	3,57
7,84	3,57
7,84	3,57
7,84	3,56
7,84	3,56
7,85	3,56
7,85	3,56
7,85	3,56
7,85	3,56
7,85	3,56
7,86	3,56
7,86	3,56
7,86	3,56
7,86	3,56
7,86	3,56
7,87	3,55
7,87	3,55
7,87	3,55
7,87	3,55
7,87	3,55
7,88	3,55
7,88	3,55
7,88	3,55
7,88	3,55
7,88	3,55
7,88	3,55
7,89	3,55
7,89	3,54
7,89	3,54
7,89	3,54
7,90	3,54
7,90	3,54
7,90	3,54
7,90	3,54
7,91	3,54
7,91	3,54
7,91	3,54
7,91	3,54
7,91	3,54
7,92	3,54
7,92	3,53
7,92	3,53
7,92	3,53
7,92	3,53
7,93	3,53
7,93	3,53
7,93	3,53
7,93	3,53
7,93	3,53
7,94	3,53
7,94	3,53
7,94	3,53
7,94	3,53
7,94	3,53
7,94	3,53
7,95	3,53
7,95	3,53
7,95	3,53
7,95	3,53
7,95	3,53
7,95	3,52
7,96	3,52
7,96	3,52
7,96	3,52
7,96	3,52
7,97	3,52
7,97	3,52
7,97	3,52
7,97	3,52
7,97	3,52
7,97	3,52
7,98	3,52
7,98	3,52
7,98	3,52
7,98	3,52
7,98	3,52
7,98	3,52
7,98	3,52
7,99	3,52
7,99	3,52
7,99	3,52
7,99	3,52
8,00	3,52
8,00	3,52
8,01	3,51
8,01	3,51
8,01	3,51
8,01	3,51
8,01	3,51
8,02	3,51
8,02	3,51
8,02	3,51
8,02	3,51
8,02	3,51
8,03	3,51
8,03	3,51
8,03	3,51
8,04	3,51
8,04	3,51
8,04	3,51
8,04	3,51
8,05	3,51
8,05	3,51
8,05	3,51
8,05	3,51
8,06	3,51
8,06	3,51
8,06	3,51
8,06	3,51
8,06	3,51
8,07	3,51
8,07	3,51
8,07	3,51
8,07	3,51
8,07	3,51
8,08	3,51
8,08	3,51
8,08	3,51
8,09	3,51
8,09	3,51
8,09	3,51
8,09	3,51
8,09	3,51
8,10	3,51
8,10	3,51
8,10	3,51
8,10	3,51
8,10	3,51
8,10	3,51
8,11	3,51
8,11	3,51
8,11	3,51
8,11	3,51
8,11	3,51
8,11	3,51
8,12	3,51
8,12	3,51
8,12	3,51
8,12	3,51
8,12	3,51
8,13	3,51
8,13	3,51
8,13	3,51
8,13	3,51
8,13	3,51
8,14	3,51
8,14	3,51
8,14	3,51
8,14	3,51
8,15	3,51
8,15	3,51
8,15	3,51
8,15	3,51
8,16	3,52
8,16	3,52
8,16	3,52
8,16	3,52
8,16	3,52
8,17	3,52
8,17	3,52
8,17	3,52
8,17	3,52
8,17	3,52
8,18	3,52
8,18	3,52
8,19	3,52
8,19	3,53
8,19	3,53
8,20	3,53
8,20	3,53
8,20	3,53
8,20	3,53
8,20	3,53
8,21	3,53
8,21	3,53
8,21	3,53
8,21	3,53
8,21	3,53
8,22	3,53
8,22	3,53
8,22	3,53
8,22	3,53
8,22	3,54
8,22	3,54
8,23	3,54
8,23	3,54
8,23	3,54
8,23	3,54
8,23	3,54
8,23	3,54
8,23	3,54
8,24	3,54
8,24	3,54
8,24	3,54
8,24	3,54
8,24	3,55
8,25	3,55
8,25	3,55
8,25	3,55
8,25	3,55
8,26	3,55
8,26	3,55
8,26	3,55
8,26	3,55
8,26	3,55
8,26	3,55
8,27	3,56
8,27	3,56
8,27	3,56
8,27	3,56
8,27	3,56
8,27	3,56
8,27	3,56
8,28	3,56
8,28	3,56
8,28	3,56
8,28	3,57
8,28	3,57
8,28	3,57
8,29	3,57
8,29	3,57
8,29	3,57
8,29	3,57
8,29	3,57
8,30	3,57
8,30	3,57
8,30	3,57
8,30	3,58
8,30	3,58
8,30	3,58
8,31	3,58
8,31	3,58
8,31	3,58
8,31	3,58
8,31	3,59
8,31	3,59
8,32	3,59
8,32	3,59
8,32	3,59
8,32	3,59
8,32	3,59
8,33	3,59
8,33	3,60
8,33	3,60
8,33	3,60
8,33	3,60
8,34	3,60
8,34	3,60
8,34	3,60
8,34	3,60
8,34	3,60
8,35	3,61
8,35	3,61
8,35	3,61
8,35	3,61
8,35	3,61
8,35	3,61
8,35	3,61
8,36	3,61
8,36	3,62
8,36	3,62
8,36	3,62
8,36	3,62
8,37	3,62
8,37	3,63
8,37	3,63
8,37	3,63
8,38	3,63
8,38	3,63
8,38	3,63
8,38	3,63
8,38	3,63
8,39	3,63
8,39	3,63
8,39	3,64
8,39	3,64
8,40	3,64
8,40	3,64
8,40	3,64
8,40	3,65
8,40	3,65
8,40	3,65
8,41	3,65
8,41	3,66
8,41	3,66
8,41	3,66
8,41	3,66
8,41	3,66
8,42	3,66
8,42	3,67
8,42	3,67
8,42	3,67
8,42	3,67
8,42	3,68
8,43	3,68
8,43	3,68
8,43	3,68
8,43	3,68
8,44	3,68
8,44	3,68
8,44	3,69
8,44	3,69
8,44	3,69
8,44	3,69
8,44	3,69
8,45	3,69
8,45	3,70
8,45	3,70
8,45	3,70
8,45	3,70
8,46	3,70
8,46	3,70
8,46	3,71
8,46	3,71
8,46	3,71
8,46	3,71
8,46	3,71
8,47	3,71
8,47	3,71
8,47	3,72
8,47	3,72
8,47	3,72
8,47	3,72
8,48	3,72
8,48	3,74
8,48	3,74
8,48	3,74
8,49	3,74
8,49	3,74
8,49	3,74
8,49	3,75
8,49	3,75
8,50	3,76
8,50	3,75
8,50	3,75
8,50	3,76
8,51	3,76
8,51	3,76
8,51	3,76
8,51	3,77
8,51	3,76
8,52	3,77
8,52	3,77
8,52	3,77
8,52	3,78
8,52	3,78
8,52	3,79
8,53	3,79
8,53	3,79
8,53	3,79
8,53	3,80
8,53	3,80
8,54	3,80
8,54	3,80
8,54	3,81
8,54	3,81
8,55	3,81
8,55	3,82
8,55	3,82
8,55	3,82
8,55	3,82
8,55	3,82
8,56	3,82
8,56	3,82
8,56	3,82
8,56	3,83
8,56	3,84
8,56	3,84
8,57	3,84
8,57	3,84
8,57	3,85
8,57	3,85
8,58	3,86
8,58	3,86
8,58	3,86
8,58	3,86
8,59	3,87
8,59	3,88
8,59	3,88
8,59	3,88
8,59	3,88
8,60	3,90
8,60	3,90
8,60	3,90
8,60	3,90
8,60	3,91
8,61	3,91
8,61	3,91
8,61	3,92
8,61	3,92
8,62	3,93
8,62	3,93
8,62	3,93
8,62	3,95
8,62	3,96
8,63	3,96
8,63	3,96
8,63	3,97
8,64	3,97
8,64	3,98
8,64	3,98
8,64	3,98
8,65	3,99
8,65	3,99
8,65	3,99
8,65	4,00
8,65	4,00
8,65	4,00
8,65	4,01
8,66	4,01
8,66	4,01
8,66	4,01
8,66	4,01
8,66	4,02
8,66	4,02
8,67	4,02
8,67	4,03
8,67	4,03
8,67	4,04
8,67	4,04
8,67	4,04
8,67	4,04
8,68	4,05
8,68	4,05
8,68	4,05
8,68	4,05
8,68	4,06
8,68	4,06
8,69	4,07
8,69	4,07
8,69	4,07
8,69	4,08
8,69	4,08
8,69	4,09
8,70	4,09
8,70	4,10
8,70	4,10
8,70	4,10
8,70	4,11
8,70	4,11
8,70	4,11
8,71	4,12
8,71	4,12
8,71	4,13
8,71	4,13
8,71	4,13
8,71	4,14
8,72	4,14
8,72	4,14
8,72	4,15
8,72	4,15
8,72	4,15
8,72	4,16
8,72	4,16
8,73	4,17
8,73	4,18
8,73	4,18
8,73	4,18
8,73	4,18
8,73	4,18
8,74	4,19
8,74	4,19
8,74	4,19
8,74	4,19
8,74	4,19
8,74	4,20
8,74	4,21
8,75	4,21
8,75	4,22
8,75	4,22
8,75	4,22
8,75	4,22
8,76	4,22
8,76	4,23
8,76	4,23
8,76	4,23
8,76	4,25
8,76	4,25
8,76	4,26
8,77	4,26
8,77	4,26
8,77	4,27
8,77	4,27
8,77	4,27
8,77	4,27
8,78	4,28
8,78	4,28
8,78	4,29
8,78	4,29
8,78	4,29
8,78	4,30
8,79	4,30
8,79	4,30
8,79	4,31
8,79	4,31
8,79	4,32
8,79	4,32
8,79	4,32
8,80	4,33
8,80	4,33
8,80	4,33
8,80	4,33
8,80	4,34
8,80	4,34
8,81	4,35
8,81	4,35
8,81	4,35
8,81	4,36
8,81	4,36
8,81	4,37
8,81	4,37
8,82	4,38
8,82	4,37
8,82	4,38
8,82	4,38
8,82	4,39
8,82	4,39
8,83	4,39
8,83	4,40
8,83	4,40
8,83	4,43
8,84	4,40
8,84	4,42
8,84	4,42
8,84	4,40
8,84	4,41
8,84	4,42
8,84	4,41
8,85	4,41
8,85	4,45
8,85	4,45
8,85	4,44
8,85	4,45
8,85	4,45
8,85	4,47
8,86	4,47
8,86	4,47
8,86	4,47
8,86	4,48
8,86	4,48
8,87	4,48
8,87	4,48
8,87	4,49
8,87	4,49
8,87	4,53
8,87	4,53
8,88	4,53
8,88	4,53
8,88	4,53
8,88	4,54
8,88	4,54
8,89	4,55
8,89	4,56
8,89	4,57
8,89	4,58
8,89	4,58
8,89	4,58
8,90	4,58
8,90	4,59
8,90	4,59
8,90	4,59
8,90	4,59
8,91	4,60
8,91	4,60
8,91	4,62
8,91	4,62
8,91	4,63
8,92	4,63
8,92	4,63
8,92	4,64
8,92	4,64
8,92	4,64
8,93	4,65
8,93	4,65
8,93	4,66
8,93	4,69
8,93	4,67
8,93	4,66
8,93	4,67
8,94	4,67
8,94	4,70
8,94	4,70
8,94	4,71
8,94	4,71
8,95	4,72
8,95	4,73
8,95	4,73
8,95	4,73
8,95	4,74
8,95	4,74
8,95	4,75
8,96	4,75
8,96	4,75
8,96	4,75
8,96	4,75
8,96	4,77
8,97	4,77
8,97	4,78
8,97	4,78
8,97	4,80
8,97	4,80
8,97	4,81
8,97	4,81
8,98	4,82
8,98	4,82
8,98	4,82
8,98	4,83
8,98	4,83
8,98	4,83
8,99	4,83
8,99	4,84
8,99	4,85
8,99	4,85
8,99	4,85
9,00	4,85
9,00	4,88
9,00	4,88
9,00	4,89
9,00	4,89
9,00	4,89
9,00	4,89
9,01	4,91
9,01	4,91
9,01	4,91
9,01	4,92
9,01	4,92
9,01	4,93
9,02	4,92
9,02	4,93
9,02	4,94
9,02	4,94
9,02	4,95
9,02	4,95
9,02	4,95
9,03	4,96
9,03	4,97
9,03	4,97
9,03	4,98
9,03	4,98
9,03	4,98
9,03	4,99
9,04	4,99
9,04	5,00
9,04	5,00
9,04	5,00
9,04	5,01
9,04	5,01
9,05	5,02
9,05	5,03
9,05	5,04
9,05	5,04
9,05	5,04
9,05	5,05
9,05	5,05
9,06	5,06
9,06	5,06
9,06	5,07
9,06	5,08
9,06	5,08
9,06	5,09
9,06	5,09
9,07	5,09
9,07	5,11
9,07	5,12
9,07	5,12
9,07	5,12
9,07	5,12
9,07	5,12
9,08	5,13
9,08	5,13
9,08	5,14
9,08	5,15
9,08	5,16
9,08	5,16
9,09	5,16
9,09	5,16
9,09	5,17
9,09	5,17
9,09	5,19
9,10	5,19
9,10	5,21
9,10	5,19
9,10	5,19
9,10	5,19
9,10	5,22
9,11	5,22
9,11	5,23
9,11	5,24
9,11	5,25
9,11	5,25
9,11	5,25
9,12	5,25
9,12	5,26
9,12	5,26
9,12	5,27
9,12	5,28
9,12	5,29
9,12	5,29
9,13	5,30
9,13	5,31
9,13	5,31
9,13	5,32
9,13	5,32
9,13	5,32
9,14	5,33
9,14	5,34
9,14	5,34
9,14	5,35
9,14	5,35
9,14	5,35
9,14	5,35
9,15	5,37
9,15	5,37
9,15	5,38
9,15	5,39
9,15	5,39
9,15	5,39
9,15	5,40
9,16	5,40
9,16	5,40
9,16	5,41
9,16	5,40
9,16	5,41
9,16	5,44
9,17	5,44
9,17	5,44
9,17	5,44
9,17	5,44
9,17	5,47
9,18	5,45
9,18	5,46
9,18	5,46
9,18	5,47
9,18	5,47
9,18	5,50
9,18	5,48
9,19	5,48
9,19	5,52
9,19	5,51
9,19	5,52
9,19	5,52
9,19	5,52
9,19	5,54
9,20	5,54
9,20	5,54
9,20	5,55
9,20	5,55
9,20	5,57
9,20	5,58
9,21	5,59
9,21	5,59
9,21	5,59
9,21	5,59
9,21	5,60
9,21	5,61
9,22	5,61
9,22	5,63
9,22	5,63
9,22	5,65
9,22	5,63
9,22	5,63
9,23	5,64
9,23	5,66
9,23	5,66
9,23	5,66
9,23	5,66
9,23	5,67
9,23	5,67
9,24	5,69
9,24	5,70
9,24	5,69
9,24	5,70
9,24	5,68
9,24	5,69
9,24	5,73
9,25	5,73
9,25	5,73
9,25	5,73
9,25	5,73
9,25	5,75
9,25	5,75
9,26	5,75
9,26	5,76
9,26	5,77
9,26	5,79
9,26	5,81
9,26	5,81
9,26	5,81
9,27	5,81
9,27	5,83
9,27	5,83
9,27	5,84
9,27	5,86
9,27	5,86
9,28	5,86
9,28	5,87
9,28	5,87
9,28	5,88
9,28	5,89
9,28	5,89
9,28	5,89
9,29	5,91
9,29	5,92
9,29	5,92
9,29	5,92
9,29	5,93
9,29	5,93
9,30	5,93
9,30	5,93
9,30	5,96
9,30	5,96
9,30	5,98
9,30	5,99
9,31	5,99
9,31	6,00
9,31	6,02
9,31	6,01
9,31	6,01
9,31	6,01
9,31	6,01
9,32	6,03
9,32	6,04
9,32	6,05
9,32	6,05
9,33	6,06
9,33	6,06
9,33	6,07
9,33	6,06
9,33	6,06
9,33	6,07
9,33	6,07
9,34	6,11
9,34	6,11
9,34	6,16
9,34	6,12
9,34	6,15
9,34	6,12
9,35	6,12
9,35	6,26
9,35	6,27
9,35	6,31
9,35	6,31
9,35	6,31
9,35	6,31
9,36	6,31
9,36	6,29
9,36	6,27
9,36	6,27
9,36	6,26
9,36	6,26
9,36	6,25
9,37	6,25
9,37	6,25
9,37	6,25
9,37	6,25
9,37	6,25
9,37	6,25
9,38	6,25
9,38	6,26
9,38	6,26
9,38	6,27
9,38	6,27
9,38	6,28
9,38	6,28
9,39	6,39
9,39	6,28
9,39	6,29
9,39	6,28
9,39	6,29
9,39	6,49
9,39	6,47
9,40	6,47
9,40	6,46
9,40	6,46
9,40	6,43
9,40	6,42
9,40	6,42
9,40	6,42
9,41	6,41
9,41	6,41
9,41	6,41
9,41	6,46
9,41	6,46
9,41	6,46
9,42	6,45
9,42	6,44
9,42	6,44
9,42	6,44
9,42	6,44
9,42	6,44
9,42	6,44
9,43	6,44
9,43	6,44
9,43	6,46
9,43	6,46
9,43	6,47
9,43	6,47
9,44	6,47
9,44	6,48
9,44	6,49
9,44	6,48
9,44	6,48
9,44	6,39
9,44	6,32
9,45	6,31
9,45	6,30
9,45	6,22
9,45	6,17
9,45	6,17
9,45	6,16
9,45	6,11
9,46	6,11
9,46	6,11
9,46	6,04
9,46	6,02
9,46	6,04
9,46	6,02
9,47	6,01
9,47	6,01
9,47	5,97
9,47	5,95
9,47	6,01
9,47	6,01
9,47	6,00
9,48	5,99
9,48	5,99
9,48	5,96
9,48	5,96
9,48	5,96
9,48	5,96
9,48	5,97
9,49	5,97
9,49	5,97
9,49	5,97
9,49	5,97
9,49	5,97
9,49	5,97
9,49	5,99
9,50	6,01
9,50	6,01
9,50	6,02
9,50	6,02
9,50	6,03
9,50	6,04
9,51	6,04
9,51	6,04
9,51	6,04
9,51	6,05
