Tensão U2	Tensão U1
U2/V	U1/V

-0,09	0,25
-0,09	0,25
-0,09	0,25
-0,09	0,25
-0,08	0,25
-0,08	0,25
-0,08	0,25
-0,08	0,25
-0,08	0,25
-0,08	0,25
-0,07	0,25
-0,07	0,25
-0,06	0,25
-0,06	0,25
-0,05	0,25
-0,04	0,25
-0,04	0,25
-0,03	0,25
-0,02	0,25
-0,01	0,25
-0,01	0,25
0,00	0,25
0,01	0,25
0,01	0,25
0,02	0,25
0,03	0,25
0,04	0,25
0,04	0,25
0,05	0,25
0,06	0,25
0,07	0,25
0,07	0,25
0,08	0,25
0,09	0,25
0,09	0,25
0,10	0,25
0,11	0,25
0,11	0,25
0,12	0,25
0,13	0,25
0,13	0,25
0,14	0,25
0,15	0,25
0,15	0,25
0,16	0,25
0,17	0,25
0,17	0,25
0,18	0,25
0,19	0,25
0,19	0,25
0,20	0,25
0,21	0,25
0,21	0,25
0,22	0,25
0,23	0,25
0,23	0,25
0,24	0,25
0,25	0,25
0,25	0,25
0,26	0,25
0,27	0,26
0,27	0,26
0,28	0,26
0,29	0,26
0,29	0,26
0,30	0,26
0,31	0,26
0,31	0,26
0,32	0,26
0,33	0,26
0,33	0,26
0,34	0,26
0,34	0,26
0,35	0,26
0,36	0,26
0,36	0,26
0,37	0,26
0,37	0,26
0,38	0,26
0,38	0,26
0,39	0,26
0,39	0,26
0,40	0,26
0,41	0,26
0,41	0,26
0,42	0,27
0,43	0,27
0,44	0,27
0,45	0,27
0,45	0,27
0,46	0,27
0,47	0,27
0,48	0,27
0,48	0,27
0,49	0,27
0,50	0,27
0,50	0,27
0,51	0,27
0,51	0,27
0,52	0,27
0,52	0,28
0,53	0,28
0,54	0,28
0,55	0,28
0,55	0,28
0,56	0,28
0,57	0,28
0,57	0,28
0,58	0,28
0,59	0,28
0,59	0,28
0,60	0,28
0,60	0,28
0,61	0,29
0,62	0,29
0,62	0,29
0,63	0,29
0,63	0,29
0,64	0,29
0,64	0,29
0,65	0,29
0,66	0,29
0,66	0,29
0,67	0,30
0,67	0,30
0,68	0,30
0,69	0,30
0,69	0,30
0,70	0,30
0,70	0,30
0,71	0,30
0,72	0,30
0,72	0,31
0,73	0,31
0,73	0,31
0,74	0,31
0,74	0,31
0,75	0,31
0,76	0,31
0,76	0,31
0,77	0,32
0,77	0,32
0,78	0,32
0,79	0,32
0,80	0,32
0,80	0,32
0,81	0,32
0,82	0,32
0,82	0,33
0,83	0,33
0,83	0,33
0,84	0,33
0,85	0,33
0,85	0,33
0,86	0,34
0,86	0,34
0,87	0,34
0,87	0,34
0,88	0,34
0,88	0,34
0,89	0,35
0,90	0,35
0,90	0,35
0,91	0,35
0,91	0,35
0,92	0,35
0,92	0,36
0,93	0,36
0,93	0,36
0,94	0,36
0,95	0,36
0,95	0,36
0,96	0,37
0,96	0,37
0,97	0,37
0,97	0,37
0,98	0,37
0,99	0,38
0,99	0,38
1,00	0,38
1,00	0,38
1,01	0,39
1,01	0,39
1,02	0,39
1,03	0,39
1,03	0,39
1,04	0,40
1,04	0,40
1,05	0,40
1,05	0,40
1,06	0,41
1,07	0,41
1,07	0,41
1,08	0,41
1,08	0,41
1,09	0,42
1,10	0,42
1,10	0,42
1,11	0,42
1,11	0,43
1,12	0,43
1,12	0,43
1,13	0,44
1,13	0,44
1,14	0,44
1,14	0,44
1,15	0,45
1,15	0,45
1,16	0,45
1,16	0,45
1,17	0,46
1,17	0,46
1,18	0,46
1,18	0,47
1,19	0,47
1,20	0,47
1,20	0,47
1,21	0,48
1,21	0,48
1,22	0,48
1,23	0,49
1,23	0,49
1,24	0,49
1,24	0,50
1,25	0,50
1,25	0,50
1,26	0,50
1,26	0,51
1,27	0,51
1,27	0,51
1,28	0,52
1,29	0,52
1,29	0,52
1,30	0,53
1,30	0,53
1,31	0,53
1,31	0,54
1,32	0,54
1,33	0,54
1,33	0,55
1,34	0,55
1,34	0,56
1,35	0,56
1,35	0,56
1,36	0,57
1,36	0,57
1,37	0,57
1,37	0,58
1,38	0,58
1,38	0,58
1,39	0,59
1,39	0,59
1,40	0,59
1,41	0,60
1,41	0,60
1,42	0,60
1,42	0,61
1,43	0,61
1,43	0,61
1,44	0,62
1,44	0,62
1,45	0,63
1,46	0,63
1,46	0,63
1,47	0,64
1,47	0,64
1,48	0,64
1,48	0,65
1,49	0,65
1,49	0,65
1,50	0,66
1,50	0,66
1,51	0,66
1,51	0,67
1,51	0,67
1,52	0,67
1,53	0,68
1,53	0,68
1,54	0,68
1,54	0,69
1,55	0,69
1,55	0,69
1,56	0,70
1,56	0,70
1,57	0,70
1,57	0,71
1,58	0,71
1,58	0,71
1,59	0,72
1,59	0,72
1,60	0,72
1,61	0,73
1,61	0,73
1,61	0,73
1,62	0,74
1,63	0,74
1,63	0,74
1,64	0,74
1,64	0,75
1,64	0,75
1,65	0,75
1,65	0,76
1,66	0,76
1,66	0,76
1,67	0,76
1,67	0,77
1,68	0,77
1,68	0,77
1,69	0,78
1,70	0,78
1,70	0,78
1,71	0,78
1,71	0,79
1,71	0,79
1,72	0,79
1,72	0,79
1,73	0,80
1,73	0,80
1,74	0,80
1,74	0,80
1,75	0,81
1,75	0,81
1,76	0,81
1,76	0,81
1,77	0,82
1,77	0,82
1,78	0,82
1,78	0,82
1,79	0,83
1,79	0,83
1,80	0,83
1,80	0,83
1,80	0,83
1,81	0,84
1,81	0,84
1,82	0,84
1,82	0,84
1,82	0,84
1,83	0,84
1,84	0,85
1,84	0,85
1,85	0,85
1,86	0,85
1,86	0,85
1,86	0,86
1,86	0,86
1,87	0,86
1,88	0,86
1,89	0,86
1,90	0,87
1,90	0,87
1,90	0,87
1,91	0,87
1,92	0,87
1,92	0,88
1,92	0,88
1,92	0,88
1,93	0,88
1,93	0,88
1,94	0,88
1,94	0,88
1,95	0,89
1,95	0,89
1,96	0,89
1,96	0,89
1,97	0,89
1,98	0,89
1,98	0,89
1,99	0,89
1,99	0,89
2,00	0,90
2,01	0,90
2,01	0,90
2,02	0,90
2,02	0,90
2,03	0,90
2,03	0,90
2,03	0,90
2,04	0,90
2,04	0,90
2,05	0,90
2,05	0,90
2,05	0,91
2,06	0,91
2,06	0,91
2,07	0,91
2,07	0,91
2,08	0,91
2,08	0,91
2,08	0,91
2,09	0,91
2,10	0,91
2,10	0,91
2,11	0,91
2,11	0,91
2,12	0,91
2,12	0,91
2,12	0,91
2,13	0,91
2,13	0,91
2,13	0,91
2,14	0,91
2,14	0,91
2,15	0,92
2,15	0,92
2,16	0,92
2,16	0,92
2,17	0,92
2,17	0,92
2,18	0,92
2,18	0,92
2,19	0,92
2,19	0,92
2,19	0,92
2,20	0,92
2,20	0,92
2,21	0,92
2,21	0,92
2,21	0,92
2,22	0,92
2,22	0,92
2,23	0,92
2,23	0,92
2,24	0,92
2,24	0,92
2,25	0,92
2,25	0,92
2,26	0,92
2,26	0,92
2,26	0,92
2,27	0,92
2,27	0,92
2,28	0,92
2,28	0,92
2,28	0,92
2,29	0,92
2,29	0,92
2,30	0,92
2,30	0,92
2,31	0,92
2,31	0,92
2,32	0,92
2,32	0,92
2,32	0,92
2,33	0,92
2,33	0,92
2,33	0,91
2,33	0,91
2,34	0,91
2,34	0,91
2,35	0,91
2,36	0,91
2,36	0,91
2,36	0,91
2,37	0,91
2,37	0,91
2,38	0,91
2,38	0,91
2,39	0,91
2,39	0,91
2,40	0,91
2,40	0,91
2,40	0,91
2,41	0,91
2,41	0,91
2,41	0,91
2,42	0,91
2,42	0,91
2,43	0,91
2,43	0,91
2,44	0,91
2,44	0,91
2,45	0,91
2,45	0,91
2,46	0,91
2,46	0,91
2,46	0,91
2,47	0,91
2,47	0,90
2,47	0,90
2,47	0,90
2,48	0,90
2,48	0,90
2,49	0,90
2,49	0,90
2,49	0,90
2,50	0,90
2,51	0,90
2,51	0,90
2,52	0,90
2,52	0,90
2,53	0,90
2,53	0,90
2,54	0,90
2,54	0,90
2,54	0,90
2,55	0,90
2,55	0,90
2,55	0,90
2,56	0,90
2,56	0,90
2,56	0,89
2,57	0,89
2,57	0,89
2,58	0,89
2,58	0,89
2,58	0,89
2,58	0,89
2,59	0,89
2,59	0,89
2,60	0,89
2,60	0,89
2,61	0,89
2,61	0,89
2,62	0,89
2,62	0,89
2,62	0,89
2,63	0,89
2,63	0,89
2,64	0,89
2,64	0,89
2,64	0,89
2,65	0,89
2,65	0,89
2,66	0,89
2,67	0,89
2,67	0,89
2,68	0,89
2,68	0,89
2,69	0,89
2,70	0,89
2,70	0,88
2,70	0,88
2,70	0,88
2,71	0,88
2,71	0,88
2,72	0,88
2,72	0,88
2,72	0,88
2,73	0,88
2,73	0,88
2,74	0,88
2,74	0,88
2,75	0,88
2,76	0,88
2,76	0,88
2,76	0,88
2,76	0,88
2,77	0,88
2,77	0,88
2,78	0,88
2,79	0,88
2,79	0,88
2,79	0,88
2,80	0,88
2,80	0,88
2,81	0,88
2,81	0,88
2,81	0,88
2,82	0,88
2,82	0,88
2,83	0,88
2,83	0,88
2,83	0,88
2,83	0,88
2,84	0,88
2,85	0,88
2,85	0,88
2,85	0,88
2,86	0,88
2,86	0,88
2,87	0,88
2,88	0,88
2,88	0,88
2,88	0,88
2,88	0,88
2,89	0,88
2,89	0,88
2,89	0,88
2,90	0,89
2,90	0,89
2,91	0,89
2,91	0,89
2,92	0,89
2,92	0,89
2,92	0,89
2,93	0,89
2,94	0,89
2,94	0,89
2,94	0,89
2,94	0,89
2,95	0,89
2,95	0,89
2,95	0,89
2,96	0,89
2,96	0,89
2,97	0,89
2,97	0,89
2,98	0,89
2,98	0,89
2,98	0,89
2,99	0,89
2,99	0,89
2,99	0,90
3,00	0,90
3,00	0,90
3,00	0,90
3,01	0,90
3,01	0,90
3,02	0,90
3,02	0,90
3,02	0,90
3,03	0,90
3,03	0,90
3,03	0,90
3,04	0,90
3,04	0,91
3,04	0,91
3,05	0,91
3,05	0,91
3,06	0,91
3,06	0,91
3,06	0,91
3,06	0,91
3,07	0,91
3,07	0,91
3,08	0,91
3,08	0,91
3,08	0,92
3,08	0,92
3,09	0,92
3,09	0,92
3,10	0,92
3,10	0,92
3,10	0,92
3,11	0,92
3,11	0,92
3,11	0,92
3,12	0,93
3,12	0,93
3,12	0,93
3,13	0,93
3,13	0,93
3,13	0,93
3,14	0,93
3,14	0,93
3,14	0,94
3,15	0,94
3,15	0,94
3,15	0,94
3,16	0,94
3,16	0,94
3,16	0,94
3,17	0,94
3,17	0,95
3,17	0,95
3,18	0,95
3,18	0,95
3,18	0,95
3,19	0,95
3,19	0,95
3,19	0,96
3,20	0,96
3,20	0,96
3,20	0,96
3,21	0,96
3,21	0,96
3,21	0,96
3,21	0,97
3,22	0,97
3,22	0,97
3,22	0,97
3,23	0,97
3,23	0,97
3,24	0,97
3,24	0,98
3,24	0,98
3,25	0,98
3,25	0,98
3,25	0,98
3,26	0,98
3,26	0,99
3,26	0,99
3,26	0,99
3,27	0,99
3,27	0,99
3,27	1,00
3,28	1,00
3,28	1,00
3,28	1,00
3,29	1,00
3,29	1,00
3,29	1,01
3,30	1,01
3,30	1,01
3,30	1,01
3,30	1,01
3,31	1,02
3,31	1,02
3,32	1,02
3,32	1,02
3,32	1,02
3,32	1,03
3,33	1,03
3,33	1,03
3,34	1,03
3,34	1,03
3,34	1,04
3,35	1,04
3,35	1,04
3,35	1,04
3,35	1,04
3,36	1,05
3,36	1,05
3,36	1,05
3,36	1,05
3,37	1,06
3,37	1,06
3,37	1,06
3,38	1,06
3,38	1,07
3,39	1,07
3,39	1,07
3,39	1,07
3,40	1,07
3,40	1,08
3,40	1,08
3,41	1,08
3,41	1,08
3,42	1,09
3,42	1,09
3,42	1,09
3,43	1,09
3,43	1,10
3,43	1,10
3,43	1,10
3,44	1,10
3,44	1,11
3,44	1,11
3,44	1,11
3,45	1,12
3,45	1,12
3,45	1,12
3,45	1,12
3,46	1,13
3,46	1,13
3,46	1,13
3,47	1,13
3,47	1,14
3,48	1,14
3,48	1,14
3,48	1,15
3,49	1,15
3,49	1,15
3,49	1,15
3,49	1,16
3,50	1,16
3,50	1,16
3,50	1,16
3,50	1,17
3,51	1,17
3,51	1,17
3,51	1,18
3,52	1,18
3,52	1,18
3,52	1,18
3,53	1,19
3,53	1,19
3,53	1,19
3,54	1,20
3,54	1,20
3,54	1,20
3,54	1,21
3,55	1,21
3,55	1,21
3,55	1,22
3,56	1,22
3,56	1,22
3,56	1,23
3,57	1,23
3,57	1,23
3,57	1,23
3,57	1,24
3,58	1,24
3,58	1,24
3,59	1,25
3,59	1,25
3,59	1,25
3,59	1,26
3,60	1,26
3,60	1,26
3,60	1,27
3,61	1,27
3,61	1,27
3,61	1,28
3,61	1,28
3,62	1,28
3,62	1,29
3,62	1,29
3,62	1,29
3,63	1,30
3,63	1,30
3,63	1,30
3,63	1,31
3,64	1,31
3,64	1,31
3,64	1,32
3,65	1,32
3,65	1,33
3,65	1,33
3,66	1,34
3,66	1,34
3,66	1,34
3,66	1,35
3,67	1,35
3,67	1,35
3,67	1,36
3,68	1,36
3,68	1,37
3,68	1,37
3,68	1,37
3,69	1,38
3,69	1,38
3,69	1,38
3,70	1,39
3,70	1,39
3,70	1,40
3,71	1,40
3,71	1,40
3,71	1,41
3,71	1,41
3,71	1,41
3,72	1,42
3,72	1,42
3,72	1,43
3,73	1,43
3,73	1,44
3,73	1,44
3,74	1,45
3,74	1,45
3,74	1,45
3,74	1,46
3,75	1,46
3,75	1,47
3,76	1,47
3,76	1,47
3,76	1,48
3,76	1,48
3,77	1,49
3,77	1,49
3,77	1,49
3,78	1,50
3,78	1,50
3,78	1,51
3,78	1,51
3,78	1,51
3,79	1,52
3,79	1,52
3,79	1,53
3,79	1,53
3,80	1,54
3,80	1,54
3,80	1,54
3,80	1,55
3,80	1,55
3,81	1,56
3,81	1,56
3,81	1,57
3,82	1,57
3,82	1,58
3,82	1,58
3,83	1,58
3,83	1,59
3,83	1,59
3,83	1,60
3,84	1,60
3,84	1,61
3,84	1,61
3,84	1,61
3,84	1,62
3,85	1,62
3,85	1,63
3,85	1,63
3,86	1,64
3,86	1,64
3,86	1,65
3,86	1,65
3,87	1,66
3,87	1,66
3,87	1,67
3,87	1,67
3,88	1,67
3,88	1,68
3,88	1,68
3,88	1,69
3,88	1,69
3,89	1,70
3,89	1,70
3,89	1,71
3,89	1,71
3,90	1,72
3,90	1,72
3,90	1,72
3,90	1,73
3,90	1,73
3,91	1,74
3,91	1,74
3,91	1,75
3,91	1,75
3,92	1,76
3,92	1,76
3,92	1,77
3,93	1,77
3,93	1,78
3,93	1,78
3,94	1,79
3,94	1,79
3,94	1,80
3,94	1,80
3,95	1,81
3,95	1,81
3,95	1,82
3,95	1,82
3,96	1,82
3,96	1,83
3,96	1,83
3,97	1,84
3,97	1,84
3,97	1,85
3,97	1,85
3,97	1,86
3,98	1,86
3,98	1,87
3,98	1,87
3,98	1,88
3,98	1,88
3,99	1,89
3,99	1,89
3,99	1,89
3,99	1,90
4,00	1,90
4,00	1,91
4,00	1,91
4,01	1,92
4,01	1,92
4,01	1,93
4,01	1,93
4,02	1,94
4,02	1,94
4,02	1,95
4,02	1,95
4,02	1,95
4,03	1,96
4,03	1,96
4,03	1,97
4,03	1,97
4,03	1,98
4,04	1,98
4,04	1,99
4,04	1,99
4,05	2,00
4,05	2,00
4,05	2,01
4,06	2,01
4,06	2,01
4,06	2,02
4,06	2,02
4,07	2,03
4,07	2,04
4,07	2,04
4,07	2,05
4,07	2,05
4,08	2,05
4,08	2,06
4,08	2,06
4,08	2,07
4,09	2,07
4,09	2,08
4,09	2,08
4,09	2,08
4,10	2,09
4,10	2,09
4,10	2,10
4,10	2,10
4,11	2,11
4,11	2,11
4,11	2,11
4,11	2,12
4,12	2,12
4,12	2,13
4,12	2,13
4,13	2,14
4,13	2,14
4,13	2,14
4,13	2,15
4,13	2,15
4,14	2,16
4,14	2,16
4,14	2,16
4,14	2,17
4,14	2,17
4,15	2,18
4,15	2,18
4,15	2,19
4,15	2,19
4,16	2,19
4,16	2,20
4,16	2,20
4,16	2,20
4,17	2,21
4,17	2,21
4,17	2,22
4,18	2,22
4,18	2,22
4,18	2,23
4,18	2,23
4,18	2,23
4,18	2,24
4,19	2,24
4,19	2,25
4,19	2,25
4,20	2,25
4,20	2,26
4,20	2,26
4,20	2,26
4,20	2,27
4,21	2,27
4,21	2,27
4,21	2,27
4,21	2,28
4,22	2,28
4,22	2,28
4,22	2,29
4,22	2,29
4,22	2,29
4,23	2,30
4,23	2,30
4,23	2,30
4,23	2,31
4,23	2,31
4,24	2,31
4,24	2,31
4,24	2,32
4,24	2,32
4,24	2,32
4,25	2,33
4,25	2,33
4,25	2,33
4,25	2,33
4,26	2,34
4,26	2,34
4,26	2,35
4,27	2,35
4,27	2,35
4,27	2,36
4,28	2,36
4,28	2,36
4,28	2,36
4,28	2,37
4,28	2,37
4,29	2,37
4,29	2,37
4,29	2,38
4,29	2,38
4,29	2,38
4,30	2,38
4,30	2,39
4,30	2,39
4,30	2,39
4,31	2,39
4,31	2,39
4,32	2,40
4,32	2,40
4,32	2,40
4,33	2,40
4,33	2,41
4,33	2,41
4,33	2,41
4,33	2,42
4,34	2,42
4,34	2,43
4,35	2,43
4,35	2,43
4,35	2,44
4,35	2,44
4,36	2,44
4,36	2,44
4,36	2,44
4,36	2,45
4,37	2,45
4,37	2,45
4,38	2,45
4,38	2,45
4,38	2,45
4,38	2,45
4,38	2,46
4,39	2,46
4,39	2,46
4,39	2,46
4,39	2,47
4,40	2,47
4,40	2,47
4,41	2,47
4,41	2,47
4,41	2,48
4,41	2,48
4,42	2,48
4,42	2,48
4,42	2,48
4,42	2,48
4,43	2,49
4,43	2,49
4,43	2,49
4,44	2,49
4,44	2,49
4,44	2,49
4,44	2,49
4,45	2,49
4,45	2,49
4,45	2,49
4,45	2,50
4,45	2,50
4,46	2,50
4,46	2,50
4,46	2,50
4,46	2,50
4,47	2,50
4,47	2,50
4,47	2,50
4,47	2,50
4,48	2,50
4,48	2,51
4,49	2,51
4,49	2,51
4,49	2,51
4,49	2,51
4,49	2,51
4,50	2,51
4,50	2,51
4,50	2,51
4,50	2,51
4,51	2,51
4,51	2,51
4,51	2,51
4,52	2,51
4,52	2,51
4,52	2,51
4,52	2,51
4,52	2,52
4,53	2,52
4,53	2,52
4,53	2,52
4,53	2,52
4,54	2,52
4,54	2,52
4,54	2,52
4,54	2,52
4,55	2,52
4,55	2,52
4,55	2,52
4,55	2,52
4,56	2,52
4,56	2,52
4,56	2,52
4,56	2,52
4,56	2,52
4,56	2,51
4,57	2,51
4,57	2,51
4,57	2,51
4,57	2,51
4,57	2,51
4,58	2,51
4,58	2,51
4,58	2,51
4,59	2,51
4,59	2,51
4,59	2,51
4,59	2,50
4,59	2,50
4,60	2,50
4,60	2,50
4,60	2,50
4,60	2,49
4,60	2,49
4,61	2,49
4,61	2,49
4,61	2,49
4,62	2,49
4,62	2,49
4,62	2,49
4,62	2,48
4,62	2,48
4,63	2,48
4,63	2,48
4,63	2,48
4,63	2,47
4,64	2,47
4,64	2,47
4,64	2,47
4,64	2,47
4,65	2,47
4,65	2,47
4,65	2,47
4,65	2,47
4,65	2,47
4,66	2,47
4,66	2,47
4,66	2,47
4,66	2,47
4,66	2,47
4,67	2,47
4,67	2,47
4,67	2,47
4,68	2,47
4,68	2,47
4,68	2,47
4,68	2,47
4,68	2,47
4,68	2,47
4,69	2,47
4,69	2,47
4,69	2,47
4,70	2,47
4,70	2,47
4,70	2,47
4,70	2,47
4,71	2,47
4,71	2,47
4,71	2,47
4,71	2,46
4,72	2,46
4,72	2,46
4,72	2,46
4,72	2,46
4,72	2,46
4,73	2,46
4,73	2,46
4,73	2,46
4,73	2,46
4,74	2,46
4,74	2,46
4,74	2,46
4,74	2,46
4,74	2,46
4,75	2,46
4,75	2,45
4,75	2,45
4,76	2,45
4,76	2,45
4,76	2,45
4,76	2,45
4,77	2,45
4,77	2,45
4,77	2,45
4,77	2,45
4,77	2,45
4,77	2,45
4,78	2,44
4,78	2,44
4,78	2,44
4,78	2,44
4,78	2,44
4,79	2,44
4,79	2,44
4,79	2,43
4,79	2,43
4,79	2,43
4,80	2,43
4,80	2,43
4,80	2,43
4,80	2,43
4,81	2,43
4,81	2,43
4,81	2,43
4,81	2,42
4,82	2,42
4,82	2,42
4,82	2,42
4,82	2,42
4,82	2,42
4,83	2,42
4,83	2,42
4,83	2,42
4,83	2,42
4,84	2,42
4,84	2,41
4,84	2,41
4,84	2,41
4,85	2,41
4,85	2,41
4,85	2,41
4,85	2,41
4,85	2,41
4,85	2,41
4,86	2,41
4,86	2,41
4,86	2,40
4,86	2,40
4,86	2,40
4,87	2,39
4,87	2,40
4,87	2,40
4,87	2,39
4,88	2,39
4,88	2,39
4,88	2,39
4,89	2,39
4,89	2,38
4,89	2,38
4,89	2,38
4,90	2,38
4,90	2,38
4,90	2,38
4,90	2,38
4,91	2,38
4,91	2,38
4,91	2,38
4,91	2,37
4,91	2,37
4,92	2,37
4,92	2,37
4,92	2,37
4,92	2,37
4,92	2,37
4,92	2,37
4,92	2,36
4,93	2,36
4,93	2,36
4,93	2,36
4,93	2,36
4,94	2,36
4,94	2,36
4,94	2,35
4,94	2,35
4,95	2,35
4,95	2,35
4,95	2,35
4,95	2,35
4,95	2,35
4,96	2,35
4,96	2,35
4,97	2,35
4,97	2,34
4,97	2,34
4,97	2,34
4,98	2,34
4,98	2,34
4,98	2,34
4,98	2,34
4,98	2,33
4,99	2,33
4,99	2,33
4,99	2,33
4,99	2,32
5,00	2,32
5,00	2,32
5,00	2,32
5,01	2,32
5,01	2,32
5,01	2,32
5,01	2,32
5,01	2,32
5,01	2,31
5,02	2,31
5,02	2,31
5,02	2,31
5,02	2,31
5,03	2,31
5,03	2,31
5,03	2,31
5,03	2,31
5,03	2,30
5,04	2,30
5,04	2,30
5,04	2,30
5,04	2,30
5,05	2,30
5,05	2,30
5,05	2,29
5,05	2,29
5,05	2,29
5,05	2,29
5,05	2,29
5,06	2,29
5,06	2,29
5,06	2,29
5,07	2,29
5,07	2,28
5,07	2,28
5,07	2,28
5,07	2,28
5,08	2,28
5,08	2,28
5,08	2,28
5,08	2,28
5,08	2,28
5,09	2,28
5,09	2,28
5,09	2,27
5,09	2,27
5,09	2,27
5,10	2,27
5,10	2,27
5,10	2,27
5,10	2,27
5,11	2,27
5,11	2,27
5,11	2,27
5,11	2,26
5,11	2,26
5,12	2,26
5,12	2,26
5,12	2,26
5,12	2,26
5,12	2,26
5,12	2,26
5,13	2,26
5,13	2,26
5,13	2,26
5,13	2,26
5,14	2,26
5,14	2,26
5,14	2,26
5,14	2,25
5,14	2,25
5,14	2,25
5,15	2,25
5,15	2,25
5,15	2,25
5,15	2,25
5,15	2,25
5,15	2,25
5,16	2,25
5,16	2,25
5,16	2,25
5,16	2,25
5,16	2,25
5,16	2,24
5,17	2,24
5,17	2,24
5,17	2,24
5,17	2,24
5,17	2,24
5,17	2,24
5,18	2,24
5,18	2,24
5,18	2,24
5,18	2,24
5,18	2,24
5,18	2,24
5,18	2,24
5,19	2,24
5,19	2,24
5,19	2,24
5,19	2,24
5,19	2,24
5,19	2,23
5,20	2,23
5,20	2,23
5,20	2,23
5,20	2,23
5,20	2,23
5,20	2,23
5,21	2,23
5,21	2,23
5,21	2,23
5,21	2,23
5,21	2,23
5,22	2,23
5,22	2,23
5,22	2,23
5,22	2,23
5,22	2,23
5,22	2,23
5,23	2,23
5,23	2,22
5,23	2,22
5,23	2,22
5,23	2,22
5,23	2,22
5,24	2,22
5,24	2,22
5,24	2,22
5,24	2,22
5,24	2,22
5,24	2,22
5,25	2,22
5,25	2,22
5,25	2,22
5,25	2,22
5,25	2,22
5,25	2,22
5,26	2,22
5,26	2,22
5,26	2,22
5,26	2,22
5,26	2,22
5,26	2,22
5,27	2,22
5,27	2,22
5,27	2,22
5,27	2,21
5,27	2,21
5,27	2,21
5,28	2,21
5,28	2,21
5,28	2,21
5,28	2,21
5,28	2,21
5,28	2,21
5,28	2,21
5,29	2,21
5,29	2,21
5,29	2,21
5,29	2,21
5,29	2,21
5,30	2,21
5,30	2,21
5,30	2,21
5,30	2,21
5,30	2,21
5,30	2,21
5,30	2,21
5,31	2,21
5,31	2,21
5,31	2,21
5,31	2,21
5,31	2,21
5,31	2,21
5,32	2,21
5,32	2,21
5,32	2,21
5,32	2,21
5,32	2,21
5,32	2,21
5,33	2,21
5,33	2,21
5,33	2,21
5,33	2,21
5,33	2,21
5,34	2,21
5,34	2,21
5,34	2,21
5,34	2,21
5,34	2,21
5,34	2,21
5,34	2,21
5,35	2,21
5,35	2,21
5,35	2,21
5,35	2,21
5,35	2,21
5,35	2,21
5,36	2,21
5,36	2,21
5,36	2,21
5,36	2,21
5,36	2,21
5,36	2,21
5,37	2,21
5,37	2,21
5,37	2,21
5,37	2,21
5,37	2,21
5,38	2,21
5,38	2,21
5,38	2,21
5,38	2,21
5,38	2,21
5,38	2,21
5,39	2,21
5,39	2,21
5,39	2,21
5,39	2,21
5,39	2,21
5,39	2,21
5,39	2,21
5,40	2,21
5,40	2,21
5,40	2,21
5,40	2,21
5,40	2,21
5,40	2,21
5,40	2,21
5,41	2,21
5,41	2,21
5,41	2,21
5,41	2,21
5,41	2,21
5,41	2,21
5,41	2,21
5,42	2,21
5,42	2,21
5,42	2,21
5,42	2,21
5,42	2,21
5,42	2,21
5,43	2,21
5,43	2,21
5,43	2,21
5,43	2,21
5,43	2,21
5,43	2,21
5,44	2,21
5,44	2,21
5,44	2,21
5,44	2,21
5,44	2,21
5,44	2,21
5,45	2,21
5,45	2,21
5,45	2,21
5,45	2,21
5,45	2,22
5,45	2,22
5,46	2,22
5,46	2,22
5,46	2,22
5,46	2,22
5,46	2,22
5,46	2,22
5,47	2,22
5,47	2,22
5,47	2,22
5,47	2,22
5,47	2,22
5,47	2,22
5,48	2,22
5,48	2,22
5,48	2,22
5,48	2,22
5,48	2,22
5,48	2,22
5,49	2,22
5,49	2,22
5,49	2,22
5,49	2,23
5,49	2,23
5,49	2,23
5,50	2,23
5,50	2,23
5,50	2,23
5,50	2,23
5,50	2,23
5,50	2,23
5,51	2,23
5,51	2,23
5,51	2,23
5,51	2,23
5,51	2,23
5,51	2,23
5,52	2,23
5,52	2,23
5,52	2,23
5,52	2,23
5,52	2,23
5,53	2,23
5,53	2,23
5,53	2,22
5,53	2,22
5,53	2,22
5,53	2,22
5,53	2,22
5,54	2,22
5,54	2,22
5,54	2,22
5,54	2,22
5,54	2,22
5,55	2,22
5,55	2,22
5,55	2,22
5,55	2,22
5,55	2,21
5,55	2,21
5,55	2,21
5,56	2,21
5,56	2,21
5,56	2,21
5,56	2,21
5,56	2,21
5,56	2,21
5,57	2,20
5,57	2,19
5,57	2,20
5,57	2,20
5,57	2,20
5,57	2,20
5,58	2,20
5,58	2,20
5,58	2,19
5,58	2,18
5,59	2,18
5,59	2,18
5,59	2,18
5,59	2,18
5,59	2,18
5,59	2,18
5,60	2,17
5,60	2,17
5,60	2,17
5,60	2,17
5,60	2,17
5,60	2,17
5,61	2,17
5,61	2,17
5,61	2,17
5,61	2,16
5,61	2,16
5,61	2,16
5,61	2,16
5,62	2,16
5,62	2,16
5,62	2,16
5,62	2,16
5,62	2,16
5,62	2,16
5,63	2,16
5,63	2,16
5,63	2,16
5,63	2,16
5,63	2,16
5,63	2,16
5,63	2,16
5,64	2,16
5,64	2,15
5,64	2,15
5,64	2,15
5,64	2,15
5,64	2,15
5,64	2,15
5,65	2,15
5,65	2,15
5,65	2,15
5,65	2,15
5,65	2,15
5,65	2,15
5,66	2,15
5,66	2,15
5,66	2,15
5,66	2,15
5,66	2,15
5,66	2,15
5,66	2,15
5,67	2,15
5,67	2,15
5,67	2,15
5,67	2,15
5,67	2,15
5,67	2,15
5,68	2,15
5,68	2,15
5,68	2,15
5,68	2,15
5,68	2,15
5,68	2,15
5,68	2,15
5,69	2,15
5,69	2,15
5,69	2,15
5,69	2,15
5,69	2,15
5,69	2,15
5,70	2,15
5,70	2,15
5,70	2,15
5,70	2,15
5,70	2,16
5,70	2,16
5,71	2,16
5,71	2,16
5,71	2,16
5,71	2,16
5,71	2,16
5,72	2,16
5,72	2,16
5,72	2,16
5,72	2,16
5,72	2,16
5,72	2,16
5,73	2,16
5,73	2,16
5,73	2,16
5,73	2,16
5,74	2,16
5,74	2,16
5,74	2,16
5,74	2,16
5,74	2,16
5,74	2,17
5,75	2,17
5,75	2,17
5,75	2,17
5,75	2,17
5,75	2,17
5,75	2,17
5,76	2,17
5,76	2,17
5,76	2,17
5,76	2,18
5,76	2,18
5,76	2,18
5,76	2,18
5,77	2,18
5,77	2,18
