Tensão U2	Tensão U1
U2/V	U1/V

-0,01	0,02
-0,01	0,02
-0,01	0,02
-0,01	0,02
-0,01	0,02
0,00	0,02
0,00	0,02
0,00	0,02
0,00	0,02
0,00	0,02
0,01	0,02
0,01	0,02
0,02	0,02
0,04	0,02
0,05	0,02
0,07	0,02
0,09	0,02
0,11	0,02
0,14	0,02
0,16	0,02
0,19	0,02
0,21	0,02
0,23	0,02
0,25	0,02
0,28	0,02
0,30	0,02
0,33	0,02
0,35	0,02
0,37	0,02
0,39	0,02
0,42	0,02
0,44	0,02
0,46	0,02
0,49	0,02
0,51	0,02
0,54	0,02
0,56	0,02
0,58	0,02
0,61	0,02
0,63	0,02
0,65	0,02
0,68	0,02
0,70	0,02
0,72	0,02
0,74	0,02
0,76	0,02
0,79	0,02
0,81	0,02
0,83	0,02
0,85	0,02
0,88	0,02
0,90	0,02
0,92	0,02
0,94	0,02
0,96	0,02
0,99	0,02
1,01	0,02
1,03	0,02
1,05	0,02
1,07	0,02
1,10	0,02
1,12	0,02
1,14	0,02
1,17	0,02
1,19	0,02
1,21	0,02
1,23	0,02
1,26	0,02
1,28	0,02
1,30	0,02
1,32	0,02
1,34	0,02
1,37	0,02
1,39	0,02
1,41	0,02
1,43	0,02
1,45	0,02
1,47	0,02
1,49	0,02
1,52	0,02
1,54	0,02
1,56	0,02
1,58	0,02
1,60	0,02
1,62	0,03
1,65	0,03
1,67	0,03
1,69	0,03
1,71	0,03
1,73	0,03
1,75	0,03
1,77	0,03
1,79	0,03
1,82	0,03
1,84	0,03
1,86	0,03
1,88	0,03
1,90	0,03
1,92	0,03
1,94	0,03
1,97	0,03
1,99	0,03
2,01	0,03
2,03	0,03
2,05	0,03
2,07	0,03
2,09	0,03
2,11	0,04
2,13	0,04
2,15	0,04
2,17	0,04
2,19	0,04
2,21	0,04
2,23	0,04
2,25	0,04
2,27	0,04
2,30	0,04
2,31	0,04
2,34	0,04
2,36	0,04
2,37	0,04
2,40	0,04
2,42	0,04
2,44	0,04
2,46	0,04
2,48	0,04
2,50	0,04
2,52	0,04
2,54	0,04
2,56	0,04
2,58	0,04
2,60	0,04
2,62	0,04
2,64	0,04
2,66	0,04
2,69	0,04
2,71	0,04
2,73	0,04
2,74	0,04
2,77	0,05
2,79	0,05
2,81	0,05
2,82	0,05
2,84	0,05
2,86	0,05
2,88	0,05
2,89	0,05
2,91	0,05
2,94	0,05
2,95	0,05
2,97	0,05
2,99	0,05
3,01	0,05
3,03	0,05
3,05	0,05
3,07	0,05
3,09	0,05
3,11	0,05
3,13	0,05
3,15	0,05
3,16	0,05
3,19	0,05
3,21	0,05
3,23	0,05
3,25	0,05
3,27	0,05
3,29	0,05
3,31	0,05
3,33	0,05
3,35	0,05
3,37	0,05
3,39	0,05
3,41	0,05
3,43	0,05
3,44	0,05
3,46	0,05
3,48	0,05
3,50	0,05
3,52	0,05
3,54	0,05
3,56	0,05
3,58	0,05
3,60	0,05
3,62	0,05
3,64	0,05
3,66	0,05
3,67	0,05
3,69	0,05
3,71	0,05
3,73	0,05
3,75	0,05
3,77	0,05
3,79	0,05
3,81	0,05
3,83	0,05
3,84	0,05
3,86	0,05
3,88	0,05
3,90	0,05
3,92	0,06
3,94	0,06
3,96	0,06
3,97	0,06
3,99	0,06
4,01	0,06
4,03	0,06
4,05	0,06
4,07	0,06
4,09	0,06
4,10	0,06
4,12	0,06
4,14	0,06
4,16	0,06
4,18	0,06
4,20	0,06
4,22	0,06
4,23	0,06
4,25	0,07
4,27	0,07
4,29	0,07
4,31	0,07
4,32	0,07
4,34	0,07
4,36	0,07
4,38	0,07
4,39	0,07
4,41	0,07
4,43	0,08
4,44	0,08
4,46	0,08
4,48	0,08
4,50	0,08
4,52	0,08
4,53	0,08
4,55	0,08
4,57	0,08
4,59	0,09
4,61	0,09
4,63	0,09
4,65	0,09
4,66	0,09
4,68	0,09
4,70	0,09
4,72	0,09
4,74	0,10
4,76	0,10
4,77	0,10
4,79	0,10
4,81	0,10
4,83	0,10
4,84	0,10
4,86	0,10
4,88	0,10
4,89	0,10
4,91	0,10
4,93	0,11
4,95	0,11
4,96	0,11
4,98	0,11
5,00	0,11
5,02	0,11
5,03	0,11
5,05	0,11
5,07	0,11
5,09	0,12
5,10	0,12
5,12	0,12
5,14	0,12
5,15	0,12
5,17	0,12
5,19	0,12
5,20	0,12
5,22	0,12
5,24	0,12
5,26	0,12
5,27	0,12
5,29	0,12
5,30	0,12
5,32	0,12
5,34	0,12
5,35	0,12
5,37	0,12
5,38	0,12
5,40	0,12
5,42	0,12
5,44	0,12
5,46	0,13
5,47	0,13
5,49	0,13
5,51	0,13
5,52	0,13
5,54	0,13
5,56	0,13
5,58	0,13
5,59	0,13
5,61	0,13
5,62	0,13
5,64	0,13
5,66	0,13
5,67	0,13
5,69	0,13
5,71	0,13
5,72	0,13
5,74	0,13
5,75	0,13
5,76	0,13
5,78	0,13
5,80	0,13
5,81	0,13
5,83	0,12
5,85	0,12
5,86	0,12
5,88	0,12
5,89	0,12
5,91	0,12
5,93	0,12
5,95	0,12
5,97	0,12
5,98	0,12
6,00	0,12
6,01	0,12
6,03	0,12
6,05	0,12
6,06	0,12
6,08	0,12
6,09	0,12
6,11	0,12
6,12	0,12
6,14	0,12
6,16	0,12
6,17	0,12
6,19	0,12
6,21	0,12
6,22	0,12
6,24	0,12
6,26	0,12
6,27	0,12
6,28	0,12
6,30	0,12
6,32	0,12
6,33	0,12
6,35	0,12
6,36	0,12
6,38	0,12
6,39	0,12
6,41	0,12
6,43	0,12
6,44	0,12
6,46	0,12
6,47	0,12
6,49	0,13
6,50	0,13
6,52	0,13
6,53	0,13
6,55	0,13
6,56	0,13
6,58	0,13
6,59	0,13
6,61	0,13
6,62	0,13
6,64	0,13
6,66	0,13
6,67	0,13
6,69	0,13
6,70	0,13
6,72	0,14
6,73	0,14
6,74	0,14
6,76	0,14
6,77	0,14
6,79	0,14
6,80	0,14
6,82	0,14
6,83	0,14
6,85	0,14
6,87	0,15
6,88	0,15
6,90	0,15
6,91	0,15
6,93	0,15
6,95	0,15
6,96	0,16
6,97	0,16
6,99	0,16
7,01	0,16
7,02	0,16
7,03	0,16
7,05	0,16
7,06	0,17
7,08	0,17
7,09	0,17
7,11	0,17
7,12	0,17
7,14	0,18
7,15	0,18
7,16	0,18
7,18	0,18
7,20	0,18
7,21	0,19
7,22	0,19
7,24	0,19
7,25	0,19
7,27	0,19
7,28	0,20
7,30	0,20
7,31	0,20
7,33	0,20
7,34	0,20
7,36	0,21
7,37	0,21
7,39	0,21
7,40	0,21
7,42	0,21
7,43	0,21
7,45	0,22
7,46	0,22
7,48	0,22
7,49	0,22
7,50	0,22
7,52	0,23
7,53	0,23
7,55	0,23
7,56	0,23
7,57	0,23
7,58	0,23
7,60	0,24
7,61	0,24
7,63	0,24
7,64	0,24
7,66	0,24
7,67	0,24
7,69	0,24
7,70	0,25
7,72	0,25
7,73	0,25
7,75	0,25
7,76	0,25
7,77	0,25
7,79	0,25
7,80	0,25
7,81	0,25
7,83	0,26
7,84	0,26
7,85	0,26
7,87	0,26
7,88	0,26
7,90	0,26
7,91	0,26
7,92	0,26
7,94	0,26
7,95	0,26
7,97	0,26
7,98	0,26
8,00	0,26
8,01	0,26
8,02	0,26
8,03	0,26
8,05	0,26
8,06	0,26
8,08	0,26
8,09	0,26
8,10	0,26
8,12	0,26
8,13	0,26
8,14	0,26
8,16	0,26
8,17	0,26
8,19	0,26
8,20	0,26
8,21	0,26
8,22	0,26
8,24	0,26
8,25	0,26
8,26	0,26
8,28	0,26
8,29	0,26
8,31	0,26
8,32	0,26
8,34	0,26
8,35	0,26
8,36	0,26
8,38	0,26
8,39	0,26
8,40	0,26
8,41	0,26
8,42	0,26
8,44	0,26
8,45	0,26
8,47	0,26
8,48	0,26
8,50	0,26
8,51	0,26
8,53	0,26
8,54	0,26
8,56	0,26
8,57	0,26
8,58	0,26
8,59	0,25
8,60	0,25
8,62	0,25
8,63	0,25
8,64	0,25
8,65	0,25
8,67	0,25
8,68	0,25
8,69	0,25
8,70	0,25
8,72	0,25
8,73	0,25
8,74	0,25
8,76	0,25
8,77	0,25
8,78	0,25
8,80	0,25
8,81	0,25
8,82	0,25
8,83	0,25
8,84	0,25
8,86	0,25
8,87	0,25
8,88	0,25
8,90	0,25
8,91	0,25
8,92	0,25
8,93	0,25
8,95	0,25
8,96	0,25
8,97	0,25
8,99	0,25
9,00	0,25
9,01	0,25
9,02	0,25
9,03	0,25
9,05	0,25
9,06	0,25
9,07	0,25
9,08	0,25
9,10	0,25
9,11	0,25
9,12	0,25
9,14	0,25
9,15	0,25
9,16	0,25
9,18	0,25
9,19	0,25
9,20	0,25
9,21	0,26
9,23	0,26
9,24	0,26
9,25	0,26
9,26	0,26
9,27	0,26
9,29	0,26
9,30	0,26
9,31	0,26
9,32	0,26
9,33	0,26
9,35	0,27
9,36	0,27
9,37	0,27
9,38	0,27
9,40	0,27
9,41	0,27
9,42	0,27
9,44	0,27
9,45	0,28
9,46	0,28
9,47	0,28
9,48	0,28
9,49	0,28
9,50	0,29
9,52	0,29
9,53	0,29
9,54	0,29
9,55	0,29
9,57	0,29
9,58	0,30
9,59	0,30
9,60	0,30
9,61	0,30
9,63	0,31
9,64	0,31
9,65	0,31
9,66	0,31
9,67	0,32
9,68	0,32
9,69	0,32
9,70	0,32
9,72	0,33
9,73	0,33
9,74	0,33
9,75	0,33
9,77	0,34
9,78	0,34
9,79	0,34
9,80	0,34
9,81	0,35
9,82	0,35
9,84	0,35
9,85	0,36
9,86	0,36
9,87	0,36
9,88	0,37
9,89	0,37
9,90	0,37
9,92	0,37
9,93	0,38
9,94	0,38
9,95	0,38
9,96	0,38
9,98	0,39
9,99	0,39
10,00	0,39
10,01	0,40
10,02	0,40
10,03	0,40
10,05	0,40
10,05	0,41
10,06	0,41
10,08	0,41
10,09	0,42
10,10	0,42
10,11	0,42
10,12	0,42
10,13	0,42
10,15	0,43
10,16	0,43
10,17	0,43
10,18	0,43
10,20	0,44
10,21	0,44
10,22	0,44
10,23	0,44
10,24	0,45
10,25	0,45
10,26	0,45
10,28	0,45
10,29	0,45
10,30	0,46
10,31	0,46
10,32	0,46
10,33	0,46
10,34	0,46
10,35	0,46
10,36	0,47
10,38	0,47
10,39	0,47
10,40	0,47
10,41	0,47
10,42	0,47
10,43	0,47
10,44	0,48
10,45	0,48
10,46	0,48
10,48	0,48
10,49	0,48
10,50	0,48
10,51	0,48
10,52	0,48
10,53	0,48
10,54	0,49
10,55	0,49
10,57	0,49
10,58	0,49
10,59	0,49
10,60	0,49
10,61	0,49
10,62	0,49
10,63	0,49
10,64	0,49
10,65	0,49
10,66	0,49
10,67	0,49
10,68	0,49
10,69	0,49
10,70	0,49
10,72	0,50
10,73	0,50
10,74	0,50
10,75	0,49
10,76	0,49
10,77	0,49
10,78	0,49
10,79	0,49
10,80	0,49
10,81	0,49
10,82	0,49
10,83	0,49
10,84	0,49
10,85	0,49
10,86	0,49
10,87	0,49
10,88	0,49
10,89	0,49
10,90	0,49
10,92	0,49
10,93	0,49
10,94	0,49
10,95	0,49
10,96	0,49
10,97	0,49
10,98	0,49
10,99	0,49
11,00	0,49
11,01	0,49
11,02	0,49
11,03	0,49
11,04	0,48
11,06	0,48
11,07	0,48
11,07	0,48
11,09	0,48
11,10	0,48
11,11	0,48
11,12	0,48
11,13	0,48
11,14	0,48
11,15	0,48
11,16	0,48
11,17	0,48
11,18	0,48
11,19	0,48
11,20	0,48
11,21	0,48
11,22	0,47
11,23	0,47
11,24	0,47
11,25	0,47
11,26	0,47
11,27	0,47
11,28	0,47
11,29	0,47
11,30	0,47
11,31	0,47
11,32	0,47
11,33	0,47
11,34	0,47
11,35	0,47
11,36	0,47
11,37	0,47
11,38	0,46
11,39	0,46
11,40	0,46
11,41	0,46
11,42	0,46
11,43	0,46
11,44	0,46
11,45	0,46
11,46	0,46
11,47	0,46
11,48	0,46
11,49	0,46
11,50	0,46
11,51	0,46
11,52	0,46
11,53	0,46
11,53	0,46
11,54	0,46
11,55	0,46
11,56	0,46
11,57	0,46
11,58	0,46
11,59	0,46
11,60	0,46
11,61	0,46
11,62	0,46
11,63	0,46
11,65	0,46
11,66	0,46
11,67	0,46
11,68	0,46
11,69	0,46
11,70	0,46
11,70	0,46
11,72	0,46
11,73	0,46
11,74	0,46
11,74	0,46
11,75	0,46
11,76	0,46
11,77	0,46
11,78	0,46
11,79	0,47
11,80	0,47
11,81	0,47
11,82	0,47
11,82	0,47
11,83	0,47
11,84	0,47
11,85	0,47
11,86	0,47
11,87	0,47
11,89	0,47
11,90	0,47
11,91	0,47
11,92	0,48
11,93	0,48
11,94	0,48
11,94	0,48
11,95	0,48
11,96	0,48
11,97	0,48
11,98	0,49
11,99	0,49
12,00	0,49
12,01	0,49
12,02	0,49
12,03	0,49
12,04	0,49
12,05	0,50
12,06	0,50
12,07	0,50
12,07	0,50
12,09	0,50
12,10	0,51
12,10	0,51
12,11	0,51
12,12	0,51
12,13	0,51
12,14	0,52
12,15	0,52
12,16	0,52
12,17	0,52
12,17	0,52
12,18	0,53
12,19	0,53
12,20	0,53
12,21	0,53
12,22	0,54
12,23	0,54
12,24	0,54
12,25	0,54
12,26	0,55
12,27	0,55
12,28	0,55
12,29	0,55
12,30	0,56
12,30	0,56
12,31	0,56
12,32	0,57
12,33	0,57
12,34	0,57
12,35	0,58
12,36	0,58
12,37	0,58
12,38	0,58
12,39	0,59
12,40	0,59
12,41	0,59
12,41	0,60
12,42	0,60
12,43	0,60
12,44	0,61
12,45	0,61
12,46	0,61
12,47	0,62
12,48	0,62
12,48	0,62
12,49	0,63
12,50	0,63
12,51	0,63
12,52	0,64
12,53	0,64
12,54	0,64
12,54	0,65
12,55	0,65
12,56	0,65
12,57	0,66
12,58	0,66
12,59	0,66
12,60	0,67
12,61	0,67
12,61	0,68
12,62	0,68
12,63	0,68
12,64	0,69
12,65	0,69
12,66	0,69
12,67	0,70
12,67	0,70
12,68	0,70
12,69	0,71
12,70	0,71
12,71	0,71
12,71	0,72
12,72	0,72
12,73	0,72
12,74	0,73
12,75	0,73
12,76	0,73
12,77	0,74
12,78	0,74
12,78	0,74
12,79	0,75
12,80	0,75
12,81	0,75
12,82	0,76
12,83	0,76
12,84	0,76
12,84	0,76
12,85	0,77
12,86	0,77
12,87	0,77
12,88	0,78
12,89	0,78
12,90	0,78
12,90	0,78
12,91	0,79
12,92	0,79
12,93	0,79
12,94	0,79
12,95	0,80
12,95	0,80
12,96	0,80
12,97	0,80
12,98	0,81
12,99	0,81
13,00	0,81
13,00	0,81
13,01	0,82
13,02	0,82
13,03	0,82
13,04	0,82
13,05	0,82
13,06	0,83
13,06	0,83
13,08	0,83
13,08	0,83
13,09	0,83
13,10	0,84
13,10	0,84
13,11	0,84
13,12	0,84
13,13	0,84
13,13	0,84
13,14	0,85
13,15	0,85
13,16	0,85
13,17	0,85
13,17	0,85
13,18	0,85
13,19	0,85
13,20	0,85
13,21	0,86
13,22	0,86
13,23	0,86
13,24	0,86
13,24	0,86
13,25	0,86
13,26	0,86
13,27	0,86
13,27	0,86
13,28	0,87
13,29	0,87
13,30	0,87
13,30	0,87
13,31	0,87
13,32	0,87
13,32	0,87
13,33	0,87
13,34	0,87
13,35	0,87
13,35	0,87
13,37	0,87
13,37	0,87
13,38	0,87
13,39	0,87
13,40	0,87
13,41	0,87
13,42	0,87
13,43	0,87
13,44	0,87
13,44	0,87
13,45	0,87
13,46	0,87
13,47	0,87
13,47	0,87
13,48	0,87
13,49	0,87
13,49	0,87
13,50	0,87
13,51	0,87
13,52	0,87
13,52	0,87
13,53	0,87
13,54	0,87
13,55	0,87
13,56	0,87
13,56	0,87
13,57	0,87
13,58	0,87
13,59	0,87
13,60	0,87
13,61	0,87
13,61	0,87
13,62	0,87
13,63	0,87
13,64	0,87
13,65	0,87
13,65	0,87
13,66	0,87
13,66	0,87
13,67	0,87
13,68	0,87
13,68	0,87
13,69	0,87
13,70	0,87
13,70	0,86
13,71	0,86
13,72	0,86
13,73	0,86
13,74	0,86
13,74	0,86
13,75	0,86
13,76	0,86
13,77	0,86
13,77	0,86
13,78	0,86
13,79	0,86
13,80	0,86
13,81	0,86
13,81	0,85
13,82	0,85
13,83	0,85
13,84	0,85
13,84	0,85
13,85	0,85
13,86	0,85
13,87	0,85
13,87	0,85
13,88	0,85
13,89	0,85
13,89	0,85
13,90	0,85
13,91	0,85
13,92	0,85
13,93	0,84
13,94	0,84
13,94	0,84
13,95	0,84
13,96	0,84
13,97	0,84
13,97	0,84
13,98	0,84
13,98	0,84
13,99	0,84
14,00	0,84
14,00	0,84
14,01	0,84
14,02	0,84
14,02	0,84
14,03	0,84
14,04	0,84
14,04	0,84
14,05	0,83
14,06	0,83
14,07	0,83
14,08	0,83
14,09	0,83
14,09	0,83
14,10	0,83
14,10	0,83
14,11	0,83
14,12	0,83
14,13	0,83
14,13	0,83
14,13	0,83
14,14	0,83
14,15	0,83
14,15	0,83
14,16	0,83
14,17	0,83
14,18	0,83
14,18	0,83
14,19	0,83
14,20	0,83
14,21	0,83
14,22	0,83
14,22	0,83
14,23	0,83
14,24	0,83
14,24	0,83
14,25	0,83
14,26	0,83
14,27	0,83
14,27	0,83
14,28	0,83
14,29	0,83
14,29	0,83
14,30	0,83
14,31	0,83
14,32	0,83
14,32	0,83
14,33	0,83
14,34	0,83
14,34	0,83
14,35	0,83
14,35	0,83
14,36	0,83
14,37	0,83
14,37	0,83
14,38	0,83
14,39	0,83
14,39	0,83
14,40	0,83
14,41	0,83
14,41	0,83
14,42	0,83
14,43	0,84
14,43	0,84
14,44	0,84
14,45	0,84
14,45	0,84
14,46	0,84
14,47	0,84
14,48	0,84
14,48	0,84
14,49	0,84
14,50	0,84
14,50	0,84
14,51	0,84
14,52	0,85
14,52	0,85
14,53	0,85
14,54	0,85
14,54	0,85
14,55	0,85
14,56	0,85
14,56	0,85
14,57	0,85
14,58	0,86
14,58	0,86
14,59	0,86
14,60	0,86
14,60	0,86
14,61	0,86
14,61	0,86
14,62	0,86
14,63	0,87
14,63	0,87
14,64	0,87
14,65	0,87
14,65	0,87
14,66	0,87
14,67	0,88
14,67	0,88
14,68	0,88
14,68	0,88
14,69	0,88
14,70	0,88
14,70	0,89
14,71	0,89
14,72	0,89
14,72	0,89
14,73	0,89
14,74	0,90
14,75	0,90
14,75	0,90
14,76	0,90
14,77	0,90
14,77	0,91
14,78	0,91
14,79	0,91
14,79	0,91
14,80	0,92
14,81	0,92
14,81	0,92
14,82	0,92
14,82	0,92
14,83	0,93
14,84	0,93
14,84	0,93
14,85	0,93
14,85	0,94
14,86	0,94
14,86	0,94
14,87	0,94
14,88	0,95
14,88	0,95
14,89	0,95
14,90	0,95
14,90	0,96
14,91	0,96
14,92	0,96
14,92	0,97
14,93	0,97
14,93	0,97
14,94	0,97
14,95	0,98
14,95	0,98
14,96	0,98
14,97	0,99
14,97	0,99
14,98	0,99
14,98	1,00
14,99	1,00
15,00	1,00
15,00	1,00
15,01	1,01
15,02	1,01
15,03	1,01
15,03	1,02
15,04	1,02
15,04	1,02
15,05	1,03
15,05	1,03
15,06	1,03
15,07	1,04
15,07	1,04
15,08	1,04
15,09	1,05
15,09	1,05
15,10	1,05
15,10	1,06
15,11	1,06
15,12	1,07
15,12	1,07
15,13	1,07
15,14	1,08
15,14	1,08
15,15	1,08
15,15	1,09
15,16	1,09
15,16	1,10
15,17	1,10
15,18	1,10
15,18	1,11
15,19	1,11
15,20	1,11
15,20	1,12
15,21	1,12
15,21	1,12
15,22	1,13
15,23	1,13
15,23	1,13
15,24	1,14
15,24	1,14
15,25	1,15
15,26	1,15
15,26	1,15
15,27	1,16
15,28	1,16
15,28	1,16
15,29	1,17
15,29	1,17
15,30	1,18
15,30	1,18
15,31	1,18
15,32	1,19
15,32	1,19
15,33	1,19
15,33	1,20
15,34	1,20
15,34	1,20
15,35	1,21
15,35	1,21
15,36	1,22
15,37	1,22
15,37	1,22
15,38	1,23
15,39	1,23
15,39	1,23
15,40	1,24
15,40	1,24
15,41	1,24
15,41	1,25
15,42	1,25
15,42	1,26
15,43	1,26
15,44	1,26
15,44	1,27
15,45	1,27
15,45	1,27
15,46	1,28
15,47	1,28
15,47	1,28
15,48	1,29
15,48	1,29
15,49	1,29
15,49	1,30
15,50	1,30
15,51	1,30
15,51	1,31
15,52	1,31
15,52	1,31
15,53	1,32
15,53	1,32
15,54	1,32
15,54	1,32
15,55	1,33
15,55	1,33
15,56	1,33
15,56	1,34
15,57	1,34
15,58	1,34
15,58	1,35
15,59	1,35
15,59	1,35
15,60	1,35
15,60	1,36
15,61	1,36
15,61	1,36
15,62	1,37
15,62	1,37
15,63	1,37
15,63	1,37
15,64	1,38
15,64	1,38
15,65	1,38
15,65	1,39
15,66	1,39
15,66	1,39
15,67	1,39
15,68	1,40
15,68	1,40
15,69	1,40
15,69	1,40
15,70	1,41
15,70	1,41
15,71	1,41
15,72	1,41
15,72	1,41
15,73	1,41
15,73	1,42
15,74	1,42
15,75	1,42
15,75	1,42
15,76	1,42
15,77	1,43
15,77	1,43
15,78	1,43
15,78	1,43
15,79	1,44
15,80	1,44
15,80	1,44
15,80	1,44
15,81	1,44
15,81	1,45
15,82	1,45
15,82	1,45
15,83	1,45
15,83	1,45
15,84	1,45
15,84	1,46
15,85	1,46
15,85	1,46
15,86	1,46
15,87	1,46
15,87	1,46
15,88	1,46
15,89	1,47
15,89	1,47
15,90	1,47
15,90	1,47
15,91	1,47
15,91	1,47
15,91	1,47
15,92	1,47
15,92	1,48
15,93	1,48
15,93	1,48
15,94	1,48
15,94	1,48
15,95	1,48
15,95	1,48
15,96	1,48
15,96	1,48
15,97	1,48
15,97	1,49
15,98	1,49
15,98	1,49
15,99	1,49
15,99	1,49
16,00	1,49
16,01	1,49
16,01	1,49
16,02	1,49
16,02	1,49
16,03	1,49
16,03	1,49
16,04	1,49
16,05	1,50
16,05	1,50
16,05	1,50
16,06	1,50
16,06	1,50
16,07	1,50
16,07	1,50
16,08	1,50
16,08	1,50
16,08	1,50
16,09	1,50
16,09	1,50
16,10	1,50
16,11	1,50
16,11	1,50
16,12	1,50
16,12	1,50
16,13	1,50
16,13	1,50
16,14	1,50
16,15	1,50
16,15	1,50
16,16	1,50
16,16	1,50
16,16	1,50
16,17	1,50
16,17	1,50
16,18	1,50
16,18	1,50
16,19	1,50
16,19	1,50
16,20	1,50
16,20	1,50
16,20	1,50
16,21	1,50
16,21	1,50
16,22	1,50
16,23	1,50
16,23	1,50
16,24	1,50
16,24	1,50
16,25	1,50
16,25	1,50
16,26	1,50
16,26	1,50
16,27	1,50
16,27	1,50
16,28	1,50
16,28	1,50
16,29	1,50
16,29	1,50
16,30	1,50
16,31	1,50
16,31	1,50
16,31	1,49
16,32	1,49
16,32	1,49
16,33	1,49
16,33	1,49
16,33	1,49
16,34	1,49
16,34	1,49
16,35	1,49
16,35	1,49
16,36	1,49
16,36	1,49
16,36	1,49
16,37	1,49
16,37	1,49
16,38	1,49
16,38	1,49
16,39	1,49
16,40	1,49
16,40	1,49
16,41	1,48
16,41	1,48
16,41	1,48
16,42	1,48
16,43	1,48
16,43	1,48
16,44	1,48
16,45	1,48
16,45	1,48
16,46	1,48
16,46	1,48
16,47	1,48
16,47	1,48
16,48	1,48
16,48	1,47
16,48	1,47
16,49	1,47
16,49	1,47
16,50	1,47
16,50	1,47
16,51	1,47
16,51	1,47
16,51	1,47
16,52	1,47
16,53	1,47
16,53	1,47
16,54	1,47
16,54	1,47
16,54	1,46
16,55	1,46
16,55	1,46
16,56	1,46
16,56	1,46
16,57	1,46
16,57	1,46
16,58	1,46
16,58	1,46
16,58	1,46
16,59	1,46
16,59	1,46
16,60	1,46
16,60	1,46
16,61	1,45
16,61	1,45
16,62	1,45
16,62	1,45
16,63	1,45
16,63	1,45
16,64	1,45
16,64	1,45
16,65	1,45
16,65	1,45
16,65	1,45
16,66	1,45
16,66	1,45
16,67	1,45
16,67	1,45
16,68	1,44
16,68	1,44
16,68	1,44
16,69	1,44
16,69	1,44
16,70	1,44
16,70	1,44
16,71	1,44
16,71	1,44
16,72	1,44
16,72	1,44
16,73	1,44
16,73	1,44
16,74	1,44
16,74	1,44
16,74	1,44
16,75	1,44
16,75	1,44
16,75	1,44
16,76	1,43
16,76	1,43
16,77	1,43
16,77	1,43
16,78	1,43
16,78	1,43
16,79	1,43
16,79	1,43
16,80	1,43
16,80	1,43
16,81	1,43
16,81	1,43
16,81	1,43
16,82	1,43
16,82	1,43
16,83	1,43
16,83	1,43
16,84	1,43
16,84	1,43
16,84	1,43
16,85	1,43
16,85	1,43
16,86	1,43
16,86	1,43
16,87	1,43
16,87	1,43
16,87	1,43
16,88	1,43
16,88	1,43
16,89	1,43
16,89	1,43
16,89	1,43
16,90	1,43
16,90	1,43
16,91	1,43
16,91	1,43
16,92	1,43
16,92	1,42
16,92	1,42
16,93	1,42
16,93	1,42
16,93	1,42
16,94	1,42
16,94	1,42
16,95	1,42
16,95	1,42
16,96	1,42
16,96	1,42
16,97	1,42
16,97	1,42
16,97	1,42
16,98	1,42
16,98	1,43
16,99	1,43
16,99	1,43
17,00	1,43
17,00	1,43
17,00	1,43
17,01	1,43
17,01	1,43
17,02	1,43
17,02	1,43
17,02	1,43
17,03	1,43
17,03	1,43
17,04	1,43
17,04	1,43
17,05	1,43
17,05	1,43
17,05	1,43
17,06	1,43
17,06	1,43
17,07	1,43
17,07	1,43
17,07	1,43
17,08	1,43
17,08	1,43
17,09	1,43
17,09	1,43
17,10	1,43
17,10	1,43
17,10	1,43
17,11	1,43
17,11	1,43
17,11	1,44
17,12	1,44
17,12	1,44
17,13	1,44
17,13	1,44
17,13	1,44
17,14	1,44
17,14	1,44
17,15	1,44
17,15	1,44
17,15	1,44
17,16	1,44
17,16	1,44
17,17	1,45
17,17	1,45
17,17	1,45
17,18	1,45
17,18	1,45
17,19	1,45
17,19	1,45
17,20	1,45
17,20	1,45
17,20	1,45
17,21	1,45
17,21	1,46
17,22	1,46
17,22	1,46
17,22	1,46
17,23	1,46
17,24	1,46
17,24	1,46
17,24	1,46
17,25	1,46
17,25	1,47
17,25	1,47
17,26	1,47
17,26	1,47
17,27	1,47
17,27	1,47
17,27	1,48
17,28	1,48
17,28	1,48
17,28	1,48
17,29	1,49
17,29	1,49
17,29	1,49
17,30	1,49
17,30	1,49
17,30	1,50
17,31	1,50
17,31	1,50
17,32	1,51
17,32	1,51
17,32	1,51
17,33	1,51
17,33	1,52
17,34	1,52
17,34	1,52
17,34	1,53
17,35	1,53
17,35	1,53
17,35	1,54
17,36	1,54
17,36	1,54
17,37	1,55
17,37	1,55
17,37	1,55
17,38	1,56
17,38	1,56
17,38	1,56
17,39	1,57
17,39	1,57
17,40	1,57
17,40	1,58
17,40	1,58
17,41	1,59
17,41	1,59
17,42	1,59
17,42	1,60
17,42	1,60
17,43	1,61
17,43	1,61
17,43	1,61
17,44	1,62
17,44	1,62
17,44	1,63
17,45	1,63
17,45	1,63
17,46	1,64
17,46	1,64
17,46	1,65
17,47	1,65
17,47	1,66
17,48	1,66
17,48	1,67
17,48	1,67
17,49	1,68
17,49	1,68
17,49	1,68
17,50	1,69
17,50	1,69
17,51	1,70
17,51	1,70
17,51	1,71
17,51	1,71
17,52	1,72
17,52	1,72
17,52	1,73
17,53	1,74
17,53	1,74
17,53	1,75
17,53	1,75
17,54	1,76
17,54	1,76
17,55	1,77
17,55	1,77
17,56	1,78
17,56	1,78
17,57	1,79
17,57	1,79
17,57	1,80
17,58	1,80
17,58	1,81
17,58	1,81
17,59	1,82
17,59	1,82
17,59	1,83
17,60	1,83
17,60	1,84
17,60	1,84
17,61	1,85
17,61	1,85
17,61	1,86
17,62	1,86
17,62	1,87
17,62	1,88
17,63	1,88
17,63	1,89
17,63	1,89
17,63	1,90
17,64	1,90
17,64	1,91
17,65	1,91
17,65	1,92
17,66	1,92
17,66	1,93
17,66	1,93
17,67	1,94
17,67	1,94
17,68	1,95
17,68	1,96
17,69	1,97
17,69	1,97
17,70	1,98
17,70	1,99
17,70	1,98
17,70	1,99
17,71	2,00
17,72	2,00
17,72	2,01
17,72	2,01
17,73	2,02
17,73	2,03
17,74	2,03
17,74	2,04
17,75	2,04
17,75	2,05
17,76	2,06
17,76	2,07
17,76	2,07
17,77	2,09
17,77	2,10
17,78	2,10
17,78	2,11
17,79	2,12
17,79	2,13
17,79	2,13
17,79	2,14
17,80	2,14
17,80	2,15
17,81	2,15
17,81	2,16
17,81	2,16
17,81	2,17
17,82	2,17
17,82	2,18
17,82	2,18
17,83	2,19
17,83	2,20
17,83	2,20
17,83	2,21
17,83	2,22
17,84	2,22
17,84	2,23
17,85	2,23
17,85	2,24
17,86	2,24
17,86	2,25
17,86	2,25
17,87	2,26
17,88	2,26
17,88	2,27
17,88	2,27
17,89	2,28
17,89	2,28
17,89	2,29
17,90	2,29
17,90	2,29
17,90	2,30
17,91	2,30
17,91	2,31
17,91	2,31
17,91	2,32
17,91	2,32
17,91	2,33
17,92	2,33
17,92	2,34
17,92	2,34
17,93	2,35
17,93	2,35
17,94	2,36
17,94	2,36
17,95	2,37
17,95	2,37
17,95	2,37
17,96	2,38
17,96	2,38
17,96	2,39
17,97	2,39
17,97	2,40
17,97	2,40
17,98	2,41
17,98	2,41
17,98	2,42
17,99	2,42
17,99	2,42
17,99	2,43
18,00	2,43
18,00	2,44
18,00	2,44
18,01	2,45
18,01	2,45
18,01	2,45
18,01	2,46
18,01	2,46
18,02	2,47
18,02	2,47
18,02	2,48
18,03	2,48
18,03	2,49
18,03	2,49
18,04	2,50
18,04	2,50
18,05	2,50
18,05	2,51
18,05	2,51
18,06	2,52
18,06	2,52
18,06	2,52
18,06	2,53
18,07	2,53
18,07	2,54
18,08	2,54
18,08	2,54
18,08	2,55
18,09	2,55
18,09	2,55
18,09	2,56
18,09	2,56
18,10	2,57
18,10	2,57
18,10	2,57
18,11	2,58
18,11	2,58
18,11	2,59
18,12	2,59
18,12	2,59
18,12	2,60
18,12	2,60
18,13	2,60
18,13	2,61
18,13	2,61
18,14	2,61
18,14	2,62
18,14	2,62
18,14	2,62
18,15	2,63
18,15	2,63
18,16	2,63
18,16	2,64
18,16	2,64
18,16	2,64
18,17	2,65
18,17	2,65
18,17	2,65
18,17	2,66
18,18	2,66
18,18	2,67
18,18	2,67
18,19	2,67
18,19	2,67
18,19	2,68
18,20	2,68
18,20	2,68
18,20	2,69
18,21	2,69
18,21	2,69
18,21	2,70
18,21	2,70
18,22	2,70
18,22	2,71
18,22	2,71
18,23	2,71
18,23	2,71
18,23	2,72
18,23	2,72
18,24	2,72
18,24	2,73
18,24	2,73
18,25	2,73
18,25	2,73
18,25	2,74
18,25	2,74
18,26	2,75
18,26	2,75
18,27	2,75
18,27	2,75
18,27	2,76
18,27	2,76
18,27	2,76
18,28	2,77
18,28	2,77
18,28	2,78
18,29	2,77
18,29	2,78
18,29	2,78
18,30	2,78
18,30	2,79
18,30	2,79
18,30	2,79
18,31	2,79
18,31	2,80
18,32	2,80
18,33	2,80
18,33	2,80
18,33	2,81
18,34	2,81
18,34	2,81
18,35	2,82
18,35	2,82
18,35	2,82
18,35	2,83
18,35	2,83
18,36	2,83
18,36	2,83
18,36	2,84
18,37	2,84
18,37	2,84
18,37	2,84
18,37	2,85
18,38	2,85
18,38	2,85
18,38	2,85
18,39	2,85
18,39	2,86
18,39	2,86
18,39	2,86
18,39	2,86
18,40	2,87
18,40	2,87
18,41	2,87
18,41	2,87
18,41	2,87
18,41	2,87
18,42	2,88
18,42	2,88
18,42	2,88
18,43	2,88
18,43	2,88
18,43	2,88
18,43	2,89
18,43	2,89
18,44	2,89
18,44	2,89
18,44	2,89
18,45	2,89
18,45	2,90
18,45	2,90
18,45	2,90
18,46	2,90
18,46	2,90
18,46	2,90
18,46	2,91
18,47	2,91
18,47	2,91
18,47	2,91
18,47	2,91
18,48	2,91
18,48	2,91
18,48	2,92
18,48	2,92
18,49	2,92
18,49	2,92
18,49	2,92
18,50	2,92
18,50	2,93
18,50	2,93
18,51	2,93
18,51	2,93
18,51	2,93
18,52	2,93
18,52	2,93
18,52	2,94
18,52	2,94
18,53	2,94
18,53	2,94
18,53	2,94
18,53	2,94
18,54	2,94
18,54	2,94
18,54	2,95
18,54	2,95
18,55	2,95
18,55	2,95
18,55	2,95
18,56	2,95
18,56	2,95
18,56	2,95
18,56	2,95
18,56	2,96
18,56	2,96
18,57	2,96
18,57	2,96
18,57	2,96
18,57	2,96
18,57	2,96
18,58	2,96
18,58	2,96
18,58	2,97
18,59	2,97
18,59	2,97
18,60	2,97
18,60	2,97
18,60	2,97
18,61	2,97
18,61	2,97
18,61	2,97
18,61	2,97
18,62	2,97
18,62	2,97
18,62	2,98
18,62	2,98
18,62	2,98
18,63	2,98
18,63	2,98
18,63	2,98
18,63	2,98
18,64	2,98
18,64	2,98
18,64	2,98
18,64	2,98
18,65	2,98
18,65	2,99
18,65	2,99
18,65	2,99
18,65	2,99
18,66	2,99
18,66	2,99
18,66	2,99
18,66	2,99
18,67	2,99
18,67	2,99
18,67	2,99
18,67	2,99
18,68	2,99
18,68	2,99
18,68	3,00
18,68	3,00
18,69	3,00
18,69	3,00
18,69	3,00
18,69	3,00
18,70	3,00
18,70	3,00
18,70	3,00
18,70	3,00
18,71	3,00
18,71	3,00
18,71	3,00
18,72	3,00
18,72	3,00
18,72	3,00
18,72	3,00
18,73	3,00
18,73	3,00
18,73	3,00
18,73	3,00
18,73	3,00
18,74	3,00
18,74	3,00
18,74	3,00
18,74	3,00
18,74	3,00
18,75	3,00
18,75	3,00
18,75	3,00
18,75	3,01
18,76	3,01
18,76	3,01
18,76	3,01
18,76	3,01
18,76	3,01
18,77	3,01
18,77	3,01
18,77	3,01
18,78	3,01
18,78	3,01
18,78	3,01
18,79	3,01
18,79	3,01
18,79	3,01
18,79	3,01
18,80	3,01
18,80	3,01
18,80	3,01
18,80	3,01
18,81	3,01
18,81	3,01
18,81	3,01
18,81	3,01
18,82	3,01
18,82	3,01
18,82	3,01
18,83	3,01
18,83	3,01
18,83	3,02
18,83	3,02
18,84	3,02
18,84	3,02
18,84	3,02
18,84	3,02
18,85	3,02
18,85	3,02
18,85	3,03
18,85	3,03
18,85	3,03
18,86	3,03
18,86	3,04
18,86	3,04
18,87	3,04
18,87	3,04
18,87	3,05
18,87	3,05
18,88	3,05
18,88	3,05
18,88	3,06
18,88	3,06
18,89	3,07
18,89	3,07
18,89	3,07
18,89	3,08
18,89	3,08
18,89	3,08
18,90	3,09
18,90	3,09
18,90	3,10
18,90	3,10
18,90	3,10
18,91	3,11
18,91	3,11
18,91	3,12
18,92	3,12
18,92	3,13
18,92	3,13
18,92	3,13
18,93	3,14
18,93	3,14
18,93	3,15
18,93	3,15
18,93	3,15
18,94	3,16
18,94	3,16
18,94	3,17
18,94	3,17
18,94	3,17
18,95	3,18
18,95	3,18
18,95	3,18
18,95	3,19
18,96	3,19
18,96	3,19
18,96	3,20
18,96	3,20
18,96	3,20
18,97	3,21
18,97	3,21
18,97	3,21
18,97	3,21
18,97	3,22
18,98	3,22
18,98	3,23
18,98	3,23
18,99	3,23
18,99	3,23
18,99	3,24
19,00	3,24
19,00	3,24
19,00	3,25
19,01	3,25
19,01	3,25
19,01	3,25
19,02	3,25
19,02	3,26
19,03	3,26
19,03	3,26
19,03	3,26
19,03	3,26
19,04	3,26
19,04	3,26
19,04	3,26
19,05	3,26
19,05	3,27
19,05	3,27
19,05	3,27
19,05	3,27
19,06	3,27
19,06	3,27
19,06	3,27
19,07	3,27
19,07	3,27
19,07	3,27
19,08	3,27
19,08	3,27
19,08	3,27
19,09	3,27
19,09	3,27
19,10	3,27
19,10	3,27
19,10	3,27
19,11	3,27
19,11	3,27
19,11	3,27
19,11	3,27
19,11	3,27
19,11	3,27
19,12	3,27
19,12	3,27
19,13	3,27
19,13	3,27
19,13	3,27
19,13	3,27
19,13	3,27
19,13	3,26
19,14	3,26
19,14	3,26
19,14	3,26
19,14	3,26
19,15	3,26
19,15	3,26
19,15	3,26
19,15	3,26
19,16	3,26
19,16	3,26
19,16	3,26
19,16	3,25
19,17	3,25
19,17	3,25
19,17	3,25
19,17	3,25
19,17	3,25
19,17	3,25
19,18	3,25
19,18	3,25
19,18	3,25
19,18	3,25
19,18	3,25
19,19	3,24
19,19	3,24
19,19	3,24
19,19	3,24
19,20	3,24
19,20	3,24
19,20	3,24
19,20	3,24
19,20	3,24
19,20	3,24
19,21	3,24
19,21	3,24
19,21	3,24
19,22	3,23
19,22	3,23
19,22	3,23
19,22	3,23
19,22	3,23
19,23	3,23
19,23	3,23
19,23	3,23
19,23	3,23
19,23	3,23
19,24	3,23
19,24	3,23
19,24	3,23
19,24	3,22
19,24	3,22
19,25	3,22
19,25	3,22
19,25	3,22
19,25	3,22
19,25	3,22
19,25	3,22
19,26	3,22
19,26	3,22
19,26	3,22
19,26	3,22
19,27	3,22
19,27	3,21
19,27	3,21
19,27	3,21
19,28	3,21
19,28	3,21
19,28	3,21
19,29	3,21
19,29	3,21
19,29	3,21
19,29	3,21
19,29	3,21
19,29	3,21
19,30	3,21
19,31	3,21
19,31	3,21
19,31	3,21
19,32	3,21
19,32	3,21
19,32	3,20
19,32	3,21
19,32	3,20
19,33	3,20
19,33	3,20
19,33	3,20
19,33	3,20
19,33	3,20
19,34	3,20
19,34	3,20
19,34	3,20
19,34	3,20
19,35	3,20
19,35	3,20
19,35	3,20
19,35	3,20
19,35	3,20
19,36	3,20
19,36	3,20
19,36	3,20
19,36	3,20
19,36	3,20
19,37	3,20
19,37	3,20
19,38	3,20
19,38	3,20
19,38	3,20
19,38	3,20
19,39	3,20
19,39	3,20
19,39	3,20
19,39	3,20
19,39	3,20
19,39	3,20
19,40	3,20
19,40	3,20
19,40	3,20
19,40	3,20
19,40	3,20
19,40	3,20
19,40	3,20
19,41	3,20
19,41	3,20
19,41	3,20
19,41	3,20
19,41	3,20
19,42	3,20
19,42	3,20
19,42	3,20
19,42	3,20
19,42	3,20
19,43	3,20
19,43	3,20
19,43	3,20
19,43	3,20
19,44	3,20
19,44	3,20
19,44	3,20
19,44	3,20
19,44	3,21
19,45	3,21
19,45	3,21
19,45	3,21
19,45	3,21
19,45	3,21
19,46	3,21
19,46	3,21
19,46	3,21
19,46	3,21
19,46	3,21
19,47	3,21
19,47	3,21
19,47	3,21
19,47	3,21
19,47	3,21
19,47	3,21
19,48	3,21
19,48	3,21
19,48	3,21
19,48	3,21
19,49	3,21
19,49	3,22
19,49	3,22
19,49	3,22
19,49	3,22
19,49	3,22
19,50	3,22
19,50	3,22
19,50	3,22
19,50	3,22
19,50	3,22
19,50	3,22
19,51	3,22
19,51	3,22
19,51	3,22
19,51	3,22
19,51	3,23
19,52	3,23
19,52	3,23
19,52	3,23
19,52	3,23
19,53	3,23
19,53	3,23
19,53	3,23
19,53	3,23
19,53	3,23
19,53	3,23
19,53	3,23
19,54	3,23
19,54	3,23
19,54	3,23
19,54	3,23
19,54	3,24
19,54	3,24
19,55	3,24
19,55	3,24
19,55	3,24
19,55	3,24
19,55	3,24
19,55	3,24
19,55	3,24
19,56	3,24
19,56	3,24
19,56	3,24
19,56	3,24
19,56	3,25
19,57	3,25
19,57	3,25
19,57	3,25
19,57	3,25
19,58	3,25
19,58	3,25
19,58	3,25
19,58	3,25
19,58	3,25
19,58	3,25
19,59	3,25
19,59	3,26
19,59	3,26
19,59	3,26
19,59	3,26
19,60	3,26
19,60	3,26
19,60	3,26
19,60	3,26
19,60	3,26
19,60	3,26
19,61	3,26
19,61	3,27
19,61	3,27
19,61	3,27
19,61	3,27
19,62	3,27
19,62	3,27
19,62	3,27
19,62	3,27
19,62	3,27
19,62	3,27
19,63	3,27
19,63	3,27
19,63	3,27
19,63	3,27
19,64	3,27
19,64	3,28
19,64	3,28
19,64	3,28
19,65	3,28
19,65	3,28
19,65	3,28
19,65	3,28
19,65	3,28
19,66	3,28
19,66	3,28
19,66	3,29
19,66	3,29
19,66	3,29
19,67	3,29
19,67	3,29
19,67	3,29
19,67	3,29
19,67	3,29
19,67	3,29
19,67	3,29
19,68	3,29
19,68	3,30
19,68	3,30
19,68	3,30
19,68	3,30
19,68	3,30
19,69	3,30
19,69	3,30
19,69	3,30
19,69	3,31
19,69	3,31
19,70	3,31
19,70	3,31
19,70	3,31
19,71	3,31
19,71	3,31
19,71	3,32
19,71	3,32
19,71	3,32
19,71	3,32
19,72	3,32
19,72	3,32
19,72	3,32
19,72	3,32
19,72	3,33
19,73	3,33
19,73	3,33
