Tensão U2	Tensão U1
U2/V	U1/V

0,04	0,36
0,04	0,36
0,04	0,36
0,04	0,36
0,04	0,36
0,04	0,36
0,05	0,36
0,05	0,36
0,05	0,36
0,06	0,36
0,07	0,36
0,08	0,36
0,10	0,36
0,11	0,36
0,13	0,36
0,15	0,36
0,17	0,36
0,19	0,36
0,20	0,36
0,22	0,36
0,24	0,36
0,25	0,36
0,27	0,36
0,28	0,36
0,30	0,36
0,32	0,36
0,33	0,36
0,35	0,36
0,37	0,36
0,39	0,36
0,40	0,36
0,42	0,37
0,44	0,37
0,45	0,37
0,47	0,37
0,49	0,37
0,51	0,37
0,52	0,37
0,54	0,37
0,56	0,38
0,57	0,38
0,59	0,38
0,60	0,38
0,62	0,38
0,64	0,39
0,66	0,39
0,67	0,39
0,69	0,39
0,71	0,39
0,72	0,40
0,74	0,40
0,76	0,40
0,78	0,41
0,79	0,41
0,81	0,41
0,82	0,42
0,84	0,42
0,86	0,42
0,87	0,43
0,89	0,43
0,91	0,44
0,92	0,44
0,94	0,44
0,95	0,45
0,97	0,45
0,99	0,46
1,00	0,46
1,02	0,47
1,03	0,47
1,05	0,48
1,07	0,48
1,09	0,49
1,10	0,49
1,12	0,50
1,14	0,51
1,15	0,51
1,17	0,52
1,18	0,52
1,20	0,53
1,22	0,54
1,23	0,54
1,25	0,55
1,26	0,55
1,28	0,56
1,29	0,57
1,31	0,57
1,33	0,58
1,34	0,59
1,36	0,59
1,37	0,60
1,39	0,61
1,40	0,61
1,42	0,62
1,43	0,63
1,45	0,63
1,47	0,64
1,48	0,64
1,50	0,65
1,52	0,66
1,53	0,66
1,55	0,67
1,57	0,67
1,58	0,68
1,60	0,69
1,61	0,69
1,63	0,70
1,65	0,70
1,66	0,71
1,67	0,71
1,69	0,72
1,71	0,73
1,72	0,73
1,74	0,74
1,75	0,74
1,77	0,75
1,78	0,75
1,80	0,76
1,82	0,76
1,83	0,77
1,85	0,77
1,87	0,78
1,88	0,78
1,89	0,79
1,91	0,79
1,92	0,80
1,93	0,80
1,95	0,80
1,96	0,81
1,97	0,81
1,99	0,82
2,00	0,82
2,01	0,83
2,03	0,83
2,05	0,83
2,06	0,84
2,08	0,84
2,10	0,84
2,11	0,85
2,12	0,85
2,14	0,85
2,16	0,86
2,18	0,86
2,19	0,86
2,20	0,87
2,22	0,87
2,23	0,87
2,25	0,88
2,26	0,88
2,28	0,88
2,29	0,88
2,30	0,89
2,31	0,89
2,33	0,89
2,34	0,89
2,36	0,90
2,37	0,90
2,39	0,90
2,40	0,90
2,42	0,91
2,43	0,91
2,45	0,91
2,46	0,91
2,48	0,92
2,49	0,92
2,51	0,92
2,52	0,92
2,54	0,93
2,55	0,93
2,57	0,93
2,58	0,93
2,59	0,94
2,61	0,94
2,62	0,94
2,64	0,95
2,65	0,95
2,66	0,95
2,68	0,95
2,69	0,96
2,71	0,96
2,72	0,96
2,74	0,97
2,75	0,97
2,76	0,97
2,78	0,98
2,79	0,98
2,81	0,98
2,82	0,99
2,84	0,99
2,85	0,99
2,86	1,00
2,88	1,00
2,89	1,01
2,91	1,01
2,91	1,01
2,93	1,02
2,94	1,02
2,96	1,03
2,97	1,03
2,99	1,04
3,00	1,04
3,02	1,05
3,03	1,05
3,04	1,06
3,06	1,06
3,07	1,07
3,08	1,08
3,10	1,08
3,11	1,09
3,12	1,09
3,14	1,10
3,15	1,11
3,16	1,11
3,18	1,12
3,20	1,13
3,20	1,13
3,22	1,14
3,24	1,15
3,25	1,16
3,26	1,17
3,28	1,17
3,30	1,18
3,31	1,19
3,32	1,20
3,34	1,21
3,35	1,22
3,36	1,23
3,38	1,24
3,39	1,25
3,40	1,26
3,42	1,27
3,43	1,28
3,44	1,29
3,45	1,30
3,46	1,31
3,48	1,32
3,50	1,33
3,51	1,34
3,52	1,36
3,53	1,37
3,54	1,38
3,56	1,39
3,57	1,41
3,58	1,42
3,60	1,43
3,61	1,45
3,62	1,46
3,63	1,47
3,65	1,49
3,66	1,50
3,67	1,51
3,69	1,53
3,70	1,54
3,72	1,56
3,73	1,57
3,74	1,59
3,75	1,60
3,77	1,62
3,78	1,63
3,79	1,65
3,81	1,66
3,82	1,68
3,83	1,69
3,85	1,71
3,86	1,72
3,87	1,74
3,88	1,75
3,90	1,77
3,91	1,78
3,92	1,80
3,93	1,81
3,94	1,83
3,96	1,84
3,97	1,86
3,98	1,87
4,00	1,89
4,01	1,90
4,02	1,92
4,03	1,93
4,05	1,94
4,06	1,96
4,07	1,97
4,08	1,99
4,10	2,00
4,11	2,01
4,12	2,02
4,13	2,04
4,15	2,05
4,16	2,06
4,17	2,07
4,19	2,08
4,20	2,10
4,21	2,11
4,22	2,12
4,24	2,13
4,25	2,14
4,26	2,15
4,27	2,16
4,28	2,17
4,29	2,18
4,31	2,19
4,32	2,20
4,33	2,21
4,34	2,22
4,36	2,23
4,37	2,24
4,38	2,25
4,39	2,26
4,41	2,26
4,42	2,27
4,43	2,28
4,45	2,29
4,46	2,30
4,47	2,30
4,48	2,31
4,50	2,32
4,51	2,32
4,52	2,33
4,53	2,33
4,54	2,34
4,55	2,35
4,57	2,35
4,58	2,36
4,59	2,36
4,60	2,37
4,61	2,37
4,62	2,37
4,64	2,38
4,65	2,38
4,66	2,39
4,67	2,39
4,68	2,39
4,70	2,40
4,71	2,40
4,72	2,40
4,73	2,40
4,74	2,41
4,76	2,41
4,77	2,41
4,78	2,41
4,79	2,42
4,80	2,42
4,82	2,42
4,83	2,42
4,84	2,42
4,85	2,42
4,86	2,42
4,87	2,42
4,88	2,42
4,89	2,42
4,91	2,42
4,92	2,43
4,93	2,43
4,94	2,43
4,95	2,43
4,97	2,43
4,98	2,43
4,99	2,43
5,00	2,43
5,01	2,43
5,02	2,43
5,03	2,43
5,04	2,43
5,05	2,43
5,07	2,43
5,08	2,43
5,09	2,43
5,10	2,43
5,11	2,43
5,13	2,43
5,14	2,43
5,15	2,43
5,16	2,43
5,17	2,42
5,18	2,42
5,19	2,42
5,20	2,42
5,22	2,42
5,23	2,42
5,24	2,42
5,25	2,42
5,26	2,42
5,27	2,42
5,28	2,42
5,29	2,42
5,30	2,42
5,31	2,42
5,32	2,42
5,33	2,43
5,35	2,43
5,36	2,43
5,37	2,43
5,38	2,43
5,39	2,43
5,40	2,43
5,41	2,43
5,43	2,43
5,44	2,43
5,45	2,43
5,46	2,44
5,47	2,44
5,48	2,44
5,50	2,44
5,51	2,44
5,52	2,45
5,53	2,45
5,54	2,45
5,55	2,45
5,56	2,46
5,57	2,46
5,58	2,46
5,59	2,46
5,60	2,47
5,61	2,47
5,63	2,47
5,64	2,48
5,65	2,48
5,66	2,49
5,67	2,49
5,68	2,50
5,69	2,50
5,70	2,51
5,71	2,51
5,72	2,52
5,73	2,52
5,74	2,53
5,75	2,53
5,76	2,54
5,78	2,55
5,79	2,55
5,79	2,56
5,80	2,57
5,82	2,58
5,83	2,58
5,84	2,59
5,85	2,60
5,86	2,61
5,87	2,61
5,88	2,62
5,89	2,63
5,90	2,64
5,91	2,65
5,92	2,66
5,93	2,67
5,94	2,68
5,95	2,69
5,97	2,70
5,98	2,71
5,99	2,72
6,00	2,74
6,01	2,75
6,02	2,76
6,03	2,77
6,04	2,78
6,05	2,80
6,06	2,81
6,07	2,82
6,08	2,84
6,09	2,85
6,10	2,86
6,11	2,88
6,12	2,89
6,13	2,91
6,14	2,92
6,15	2,94
6,16	2,95
6,17	2,97
6,18	2,99
6,19	3,00
6,20	3,02
6,21	3,04
6,22	3,05
6,22	3,07
6,24	3,09
6,24	3,11
6,25	3,12
6,26	3,14
6,27	3,16
6,28	3,18
6,29	3,20
6,30	3,22
6,31	3,24
6,33	3,26
6,33	3,28
6,34	3,30
6,36	3,32
6,37	3,34
6,38	3,36
6,39	3,38
6,39	3,41
6,40	3,43
6,41	3,45
6,42	3,47
6,44	3,50
6,45	3,52
6,46	3,54
6,47	3,57
6,48	3,59
6,49	3,61
6,50	3,64
6,51	3,66
6,52	3,68
6,53	3,71
6,54	3,73
6,55	3,76
6,56	3,78
6,57	3,81
6,58	3,83
6,59	3,85
6,60	3,88
6,60	3,90
6,62	3,93
6,63	3,95
6,63	3,98
6,64	4,00
6,65	4,03
6,66	4,05
6,67	4,08
6,68	4,10
6,69	4,12
6,70	4,15
6,71	4,17
6,72	4,19
6,73	4,22
6,74	4,24
6,75	4,26
6,76	4,29
6,77	4,31
6,78	4,33
6,79	4,36
6,80	4,38
6,81	4,40
6,81	4,42
6,82	4,44
6,83	4,46
6,84	4,48
6,85	4,50
6,86	4,52
6,87	4,54
6,88	4,56
6,89	4,58
6,90	4,60
6,91	4,62
6,92	4,64
6,93	4,66
6,93	4,67
6,95	4,69
6,95	4,71
6,96	4,72
6,97	4,74
6,98	4,76
6,99	4,77
7,00	4,79
7,01	4,80
7,02	4,81
7,03	4,83
7,03	4,84
7,04	4,85
7,05	4,87
7,06	4,88
7,07	4,89
7,08	4,90
7,09	4,91
7,10	4,93
7,11	4,94
7,12	4,95
7,13	4,96
7,14	4,97
7,14	4,97
7,15	4,98
7,16	4,99
7,17	5,00
7,18	5,01
7,19	5,02
7,20	5,02
7,20	5,03
7,22	5,04
7,22	5,04
7,23	5,05
7,24	5,05
7,25	5,06
7,26	5,06
7,27	5,07
7,28	5,07
7,29	5,08
7,30	5,08
7,31	5,08
7,32	5,09
7,32	5,09
7,33	5,09
7,34	5,10
7,35	5,10
7,36	5,10
7,36	5,10
7,37	5,10
7,38	5,10
7,39	5,10
7,40	5,11
7,41	5,11
7,42	5,11
7,43	5,11
7,44	5,11
7,45	5,11
7,46	5,11
7,47	5,10
7,48	5,10
7,49	5,10
7,49	5,10
7,50	5,10
7,51	5,10
7,52	5,10
7,53	5,10
7,54	5,09
7,54	5,09
7,55	5,09
7,56	5,09
7,57	5,09
7,58	5,09
7,59	5,08
7,59	5,08
7,60	5,08
7,61	5,08
7,62	5,07
7,63	5,07
7,64	5,07
7,64	5,07
7,65	5,06
7,66	5,06
7,67	5,06
7,68	5,06
7,69	5,05
7,70	5,05
7,71	5,05
7,72	5,05
7,73	5,04
7,74	5,04
7,74	5,04
7,75	5,04
7,76	5,03
7,76	5,03
7,77	5,03
7,78	5,02
7,79	5,02
7,80	5,02
7,80	5,02
7,81	5,01
7,82	5,01
7,83	5,01
7,84	5,01
7,84	5,01
7,85	5,00
7,86	5,00
7,87	5,00
7,87	5,00
7,88	5,00
7,89	4,99
7,90	4,99
7,91	4,99
7,92	4,99
7,93	4,99
7,93	4,99
7,95	4,99
7,95	4,99
7,96	4,98
7,97	4,98
7,98	4,98
7,98	4,98
7,99	4,98
8,00	4,98
8,01	4,98
8,01	4,98
8,02	4,98
8,03	4,98
8,04	4,98
8,05	4,98
8,05	4,98
8,06	4,98
8,07	4,99
8,08	4,99
8,09	4,99
8,09	4,99
8,10	4,99
8,11	4,99
8,12	4,99
8,13	5,00
8,14	5,00
8,15	5,00
8,16	5,00
8,16	5,01
8,17	5,01
8,18	5,01
8,18	5,01
8,19	5,02
8,20	5,02
8,21	5,02
8,22	5,03
8,22	5,03
8,23	5,04
8,24	5,04
8,25	5,05
8,25	5,05
8,26	5,06
8,27	5,06
8,27	5,07
8,28	5,07
8,29	5,08
8,29	5,09
8,30	5,09
8,31	5,10
8,32	5,11
8,33	5,11
8,34	5,12
8,34	5,13
8,35	5,13
8,36	5,14
8,37	5,15
8,38	5,16
8,39	5,17
8,39	5,18
8,40	5,19
8,40	5,19
8,41	5,20
8,42	5,21
8,43	5,22
8,43	5,23
8,44	5,24
8,45	5,25
8,46	5,26
8,47	5,27
8,48	5,29
8,48	5,30
8,49	5,31
8,50	5,32
8,51	5,33
8,52	5,35
8,53	5,36
8,53	5,37
8,54	5,38
8,54	5,40
8,55	5,41
8,56	5,42
8,57	5,44
8,57	5,45
8,58	5,47
8,59	5,48
8,60	5,49
8,60	5,51
8,61	5,53
8,62	5,54
8,63	5,56
8,64	5,57
8,64	5,59
8,65	5,61
8,66	5,62
8,66	5,64
8,67	5,66
8,68	5,67
8,69	5,69
8,69	5,71
8,70	5,73
8,71	5,75
8,72	5,76
8,72	5,78
8,73	5,80
8,74	5,82
8,74	5,84
8,75	5,86
8,76	5,88
8,77	5,90
8,77	5,92
8,78	5,94
8,79	5,96
8,79	5,99
8,80	6,01
8,81	6,03
8,81	6,05
8,82	6,07
8,82	6,10
8,83	6,12
8,84	6,14
8,85	6,16
8,85	6,19
8,86	6,21
8,87	6,24
8,88	6,26
8,89	6,28
8,89	6,31
8,90	6,33
8,91	6,36
8,92	6,38
8,92	6,41
8,93	6,44
8,94	6,46
8,94	6,49
8,95	6,51
8,96	6,54
8,96	6,57
8,97	6,59
8,98	6,62
8,98	6,65
8,99	6,68
9,00	6,71
9,01	6,73
9,01	6,76
9,02	6,79
9,03	6,82
9,04	6,85
9,05	6,88
9,05	6,91
9,06	6,94
9,07	6,97
9,07	7,00
9,08	7,03
9,09	7,06
9,09	7,09
9,10	7,12
9,10	7,15
9,11	7,18
9,12	7,21
9,12	7,24
9,13	7,27
9,14	7,30
9,14	7,33
9,15	7,37
9,16	7,40
9,16	7,43
9,17	7,46
9,18	7,49
9,19	7,52
9,19	7,56
9,20	7,59
9,21	7,62
9,21	7,65
9,22	7,68
9,23	7,72
9,23	7,75
9,24	7,78
9,24	7,81
9,25	7,84
9,26	7,87
9,27	7,91
9,27	7,94
9,28	7,97
9,28	8,00
9,29	8,03
9,30	8,06
9,30	8,09
9,31	8,13
9,31	8,16
9,32	8,19
9,33	8,22
9,33	8,25
9,34	8,28
9,35	8,31
9,36	8,34
9,36	8,37
9,37	8,40
9,38	8,43
9,38	8,46
9,39	8,49
9,40	8,51
9,40	8,54
9,41	8,57
9,41	8,60
9,42	8,63
9,42	8,65
9,44	8,68
9,44	8,71
9,45	8,73
9,45	8,76
9,46	8,79
9,47	8,81
9,47	8,84
9,48	8,86
9,49	8,89
9,49	8,91
9,50	8,94
9,51	8,96
9,51	8,99
9,52	9,01
9,53	9,03
9,53	9,05
9,54	9,08
9,55	9,10
9,56	9,12
9,56	9,14
9,57	9,16
9,57	9,19
9,58	9,21
9,59	9,23
9,59	9,25
9,60	9,27
9,60	9,29
9,61	9,31
9,61	9,32
9,62	9,34
9,63	9,36
9,64	9,38
9,64	9,40
9,65	9,41
9,65	9,43
9,66	9,44
9,67	9,46
9,68	9,48
9,68	9,49
9,69	9,51
9,69	9,52
9,70	9,53
9,70	9,55
9,71	9,56
9,72	9,57
9,72	9,59
9,73	9,60
9,73	9,61
9,74	9,62
9,74	9,63
9,75	9,65
9,75	9,66
9,76	9,67
9,77	9,68
9,78	9,68
9,79	9,69
9,79	9,70
9,80	9,71
9,81	9,72
9,81	9,73
9,82	9,74
9,82	9,74
9,83	9,75
9,83	9,76
9,84	9,77
9,84	9,77
9,85	9,78
9,85	9,78
9,86	9,79
9,86	9,79
9,87	9,80
9,88	9,80
9,89	9,81
9,90	9,81
9,90	9,81
9,91	9,82
9,91	9,82
9,91	9,82
9,93	9,83
9,94	9,83
9,94	9,83
9,94	9,84
9,94	9,84
9,95	9,84
9,96	9,84
9,97	9,84
9,98	9,84
9,98	9,84
9,98	9,84
9,99	9,84
10,00	9,84
10,01	9,84
10,01	9,84
10,02	9,84
10,02	9,84
10,03	9,84
10,03	9,84
10,04	9,84
10,04	9,84
10,05	9,83
10,06	9,83
10,06	9,83
10,07	9,83
10,08	9,82
10,08	9,82
10,09	9,82
10,09	9,82
10,10	9,81
10,10	9,81
10,11	9,81
10,12	9,81
10,12	9,80
10,13	9,80
10,14	9,80
10,14	9,79
10,15	9,79
10,15	9,79
10,16	9,78
10,16	9,78
10,17	9,77
10,17	9,77
10,18	9,77
10,18	9,76
10,19	9,76
10,20	9,75
10,20	9,75
10,21	9,74
10,21	9,74
10,22	9,73
10,23	9,73
10,23	9,72
10,24	9,72
10,24	9,71
10,25	9,71
10,25	9,70
10,26	9,70
10,26	9,69
10,27	9,68
10,28	9,68
10,28	9,67
10,29	9,67
10,29	9,66
10,30	9,65
10,31	9,65
10,31	9,64
10,32	9,64
10,32	9,63
10,33	9,63
10,33	9,62
10,34	9,62
10,34	9,61
10,35	9,61
10,36	9,60
10,36	9,60
10,37	9,59
10,37	9,59
10,38	9,58
10,38	9,58
10,39	9,57
10,40	9,57
10,40	9,56
10,41	9,56
10,41	9,56
10,42	9,55
10,42	9,55
10,43	9,55
10,43	9,54
10,44	9,54
10,44	9,54
10,45	9,53
10,45	9,53
10,46	9,53
10,46	9,52
10,47	9,52
10,47	9,52
10,48	9,51
10,48	9,51
10,49	9,51
10,50	9,50
10,50	9,50
10,51	9,50
10,51	9,50
10,52	9,49
10,52	9,49
10,53	9,49
10,54	9,49
10,54	9,49
10,55	9,49
10,55	9,48
10,56	9,48
10,56	9,48
10,57	9,48
10,57	9,48
10,58	9,48
10,58	9,48
10,59	9,47
10,59	9,47
10,60	9,47
10,60	9,47
10,61	9,47
10,61	9,47
10,62	9,47
10,62	9,47
10,63	9,47
10,63	9,47
10,64	9,47
10,64	9,47
10,65	9,47
10,65	9,47
10,65	9,47
10,66	9,47
10,66	9,47
10,67	9,47
10,67	9,47
10,68	9,47
10,68	9,47
10,69	9,47
10,69	9,48
10,70	9,48
10,70	9,48
10,71	9,48
10,72	9,48
10,72	9,48
10,73	9,48
10,73	9,48
10,74	9,49
10,75	9,49
10,75	9,49
10,76	9,49
10,76	9,49
10,76	9,50
10,77	9,50
10,77	9,50
10,78	9,50
10,78	9,51
10,79	9,51
10,79	9,51
10,80	9,52
10,80	9,52
10,81	9,52
10,82	9,53
10,82	9,53
10,83	9,53
10,83	9,54
10,83	9,54
10,84	9,55
10,85	9,55
10,85	9,56
10,86	9,56
10,86	9,56
10,87	9,57
10,87	9,57
10,88	9,58
10,88	9,58
10,89	9,59
10,89	9,60
10,89	9,60
10,90	9,61
10,90	9,61
10,91	9,62
10,91	9,63
10,92	9,63
10,92	9,64
10,93	9,65
10,93	9,65
10,94	9,66
10,94	9,67
10,95	9,68
10,96	9,68
10,96	9,69
10,97	9,70
10,97	9,71
10,98	9,71
10,98	9,72
10,98	9,73
10,99	9,74
10,99	9,75
11,00	9,76
11,00	9,77
11,00	9,77
11,01	9,78
11,01	9,79
11,02	9,80
11,02	9,81
11,03	9,82
11,03	9,83
11,04	9,84
11,05	9,85
11,05	9,86
11,06	9,87
11,06	9,89
11,07	9,90
11,07	9,91
11,07	9,92
11,08	9,93
11,08	9,94
11,09	9,95
11,09	9,97
11,10	9,98
11,10	9,99
11,11	10,00
11,11	10,01
11,12	10,03
11,12	10,04
11,13	10,05
11,13	10,07
11,13	10,06
11,14	10,04
11,15	10,03
11,15	10,02
11,15	10,00
11,16	9,98
11,16	9,96
11,17	9,94
11,17	9,92
11,18	9,90
11,19	9,90
11,19	9,90
11,19	9,90
11,20	9,90
11,20	9,90
11,21	9,90
11,21	9,90
11,22	9,90
11,22	9,90
11,23	9,90
11,23	9,90
11,23	9,90
11,24	9,90
11,24	9,90
11,25	9,90
