Tensão U2	Tensão U1
U2/V	U1/V

0,01	0,02
0,01	0,02
0,02	0,02
0,02	0,02
0,02	0,02
0,03	0,02
0,04	0,02
0,05	0,02
0,06	0,02
0,08	0,02
0,09	0,02
0,11	0,02
0,13	0,02
0,15	0,02
0,17	0,02
0,19	0,02
0,21	0,02
0,23	0,02
0,25	0,02
0,27	0,02
0,29	0,02
0,31	0,02
0,33	0,02
0,35	0,02
0,37	0,02
0,39	0,02
0,41	0,02
0,43	0,02
0,45	0,02
0,47	0,02
0,48	0,02
0,50	0,02
0,52	0,02
0,54	0,02
0,56	0,02
0,58	0,02
0,60	0,02
0,62	0,02
0,63	0,02
0,65	0,02
0,67	0,02
0,69	0,02
0,71	0,02
0,73	0,02
0,75	0,02
0,77	0,02
0,79	0,02
0,80	0,02
0,82	0,02
0,84	0,02
0,86	0,02
0,88	0,02
0,89	0,02
0,91	0,03
0,93	0,03
0,95	0,03
0,97	0,03
0,99	0,03
1,01	0,03
1,02	0,03
1,04	0,03
1,06	0,03
1,08	0,03
1,10	0,03
1,12	0,03
1,13	0,03
1,15	0,03
1,17	0,03
1,19	0,03
1,20	0,03
1,22	0,03
1,24	0,03
1,26	0,03
1,28	0,03
1,30	0,03
1,31	0,03
1,33	0,03
1,35	0,03
1,37	0,03
1,39	0,03
1,40	0,03
1,42	0,03
1,44	0,03
1,45	0,03
1,47	0,03
1,49	0,03
1,50	0,03
1,52	0,04
1,54	0,04
1,56	0,04
1,58	0,04
1,59	0,04
1,61	0,04
1,63	0,04
1,65	0,04
1,67	0,04
1,69	0,04
1,70	0,04
1,72	0,04
1,74	0,04
1,76	0,04
1,78	0,04
1,79	0,04
1,81	0,05
1,83	0,05
1,84	0,05
1,86	0,05
1,88	0,05
1,90	0,05
1,91	0,05
1,93	0,05
1,94	0,05
1,96	0,05
1,98	0,05
1,99	0,05
2,01	0,05
2,03	0,05
2,04	0,05
2,06	0,05
2,07	0,06
2,09	0,06
2,11	0,06
2,13	0,06
2,14	0,06
2,16	0,06
2,18	0,06
2,20	0,06
2,21	0,06
2,23	0,06
2,25	0,06
2,27	0,06
2,29	0,06
2,30	0,06
2,32	0,06
2,34	0,06
2,36	0,06
2,37	0,07
2,39	0,07
2,41	0,07
2,42	0,07
2,44	0,07
2,46	0,07
2,47	0,07
2,49	0,07
2,50	0,07
2,52	0,07
2,53	0,07
2,55	0,07
2,56	0,07
2,58	0,07
2,59	0,07
2,61	0,07
2,62	0,07
2,64	0,07
2,66	0,07
2,67	0,07
2,69	0,08
2,71	0,08
2,73	0,08
2,74	0,08
2,76	0,08
2,78	0,08
2,79	0,08
2,81	0,08
2,83	0,08
2,84	0,08
2,86	0,08
2,87	0,08
2,89	0,08
2,90	0,08
2,92	0,08
2,94	0,08
2,95	0,08
2,97	0,08
2,98	0,08
3,00	0,08
3,01	0,08
3,03	0,08
3,05	0,08
3,06	0,08
3,08	0,08
3,09	0,08
3,11	0,08
3,13	0,08
3,14	0,08
3,16	0,08
3,17	0,08
3,19	0,08
3,20	0,08
3,22	0,08
3,23	0,08
3,25	0,08
3,26	0,08
3,28	0,08
3,30	0,08
3,31	0,08
3,33	0,08
3,34	0,08
3,36	0,08
3,38	0,08
3,39	0,08
3,41	0,08
3,42	0,08
3,44	0,08
3,45	0,08
3,47	0,08
3,49	0,08
3,50	0,08
3,52	0,08
3,53	0,08
3,55	0,08
3,56	0,08
3,57	0,08
3,59	0,08
3,60	0,08
3,62	0,09
3,63	0,09
3,65	0,09
3,66	0,09
3,68	0,09
3,70	0,09
3,71	0,09
3,73	0,09
3,74	0,09
3,76	0,09
3,77	0,09
3,79	0,09
3,80	0,09
3,82	0,09
3,83	0,09
3,84	0,09
3,86	0,10
3,87	0,10
3,89	0,10
3,90	0,10
3,92	0,10
3,93	0,10
3,95	0,10
3,96	0,10
3,98	0,10
3,99	0,10
4,01	0,10
4,02	0,10
4,04	0,10
4,05	0,10
4,07	0,11
4,08	0,11
4,09	0,11
4,11	0,11
4,12	0,11
4,14	0,11
4,15	0,11
4,17	0,11
4,18	0,12
4,19	0,12
4,21	0,12
4,22	0,12
4,24	0,12
4,25	0,12
4,27	0,12
4,28	0,13
4,30	0,13
4,31	0,13
4,33	0,13
4,34	0,13
4,35	0,13
4,37	0,13
4,38	0,14
4,40	0,14
4,41	0,14
4,42	0,14
4,44	0,14
4,45	0,14
4,47	0,14
4,48	0,15
4,49	0,15
4,51	0,15
4,52	0,15
4,54	0,15
4,55	0,16
4,56	0,16
4,58	0,16
4,59	0,16
4,61	0,16
4,62	0,16
4,63	0,16
4,65	0,17
4,66	0,17
4,67	0,17
4,69	0,17
4,70	0,17
4,72	0,17
4,73	0,17
4,75	0,18
4,76	0,18
4,78	0,18
4,79	0,18
4,80	0,18
4,82	0,18
4,83	0,18
4,84	0,19
4,86	0,19
4,87	0,19
4,88	0,19
4,90	0,19
4,91	0,19
4,92	0,19
4,94	0,19
4,95	0,19
4,97	0,20
4,98	0,20
4,99	0,20
5,01	0,20
5,02	0,20
5,03	0,20
5,05	0,20
5,06	0,20
5,07	0,20
5,09	0,20
5,10	0,20
5,11	0,20
5,13	0,20
5,14	0,20
5,15	0,20
5,16	0,21
5,18	0,21
5,19	0,21
5,21	0,21
5,22	0,21
5,23	0,21
5,25	0,21
5,26	0,21
5,27	0,21
5,28	0,21
5,30	0,21
5,31	0,21
5,32	0,21
5,34	0,21
5,35	0,21
5,36	0,21
5,38	0,21
5,39	0,21
5,40	0,21
5,42	0,21
5,43	0,21
5,44	0,21
5,46	0,21
5,47	0,21
5,48	0,21
5,50	0,21
5,51	0,21
5,52	0,21
5,54	0,21
5,55	0,21
5,56	0,21
5,57	0,21
5,58	0,21
5,60	0,21
5,61	0,21
5,63	0,21
5,64	0,21
5,65	0,21
5,66	0,21
5,67	0,21
5,69	0,21
5,70	0,21
5,71	0,21
5,72	0,21
5,73	0,21
5,75	0,21
5,76	0,21
5,77	0,21
5,78	0,21
5,80	0,21
5,81	0,21
5,82	0,21
5,83	0,21
5,85	0,21
5,86	0,21
5,87	0,21
5,89	0,21
5,90	0,21
5,91	0,21
5,92	0,21
5,93	0,21
5,95	0,21
5,96	0,21
5,98	0,21
5,99	0,21
6,00	0,21
6,01	0,21
6,03	0,21
6,04	0,21
6,05	0,21
6,06	0,21
6,07	0,21
6,09	0,21
6,10	0,21
6,11	0,21
6,12	0,21
6,13	0,21
6,14	0,21
6,16	0,21
6,17	0,21
6,18	0,21
6,20	0,21
6,21	0,21
6,22	0,21
6,23	0,21
6,25	0,21
6,26	0,21
6,27	0,21
6,28	0,21
6,30	0,21
6,31	0,21
6,32	0,21
6,33	0,22
6,34	0,22
6,36	0,22
6,36	0,22
6,38	0,22
6,39	0,22
6,40	0,22
6,41	0,22
6,42	0,22
6,44	0,22
6,45	0,22
6,46	0,22
6,48	0,23
6,49	0,23
6,49	0,23
6,51	0,23
6,52	0,23
6,53	0,23
6,54	0,23
6,55	0,23
6,57	0,24
6,58	0,24
6,59	0,24
6,60	0,24
6,62	0,24
6,63	0,24
6,64	0,24
6,65	0,25
6,66	0,25
6,67	0,25
6,68	0,25
6,69	0,25
6,70	0,25
6,72	0,26
6,73	0,26
6,74	0,26
6,75	0,26
6,76	0,26
6,77	0,26
6,79	0,27
6,80	0,27
6,80	0,27
6,82	0,27
6,82	0,27
6,83	0,28
6,84	0,28
6,86	0,28
6,87	0,28
6,88	0,29
6,89	0,29
6,91	0,29
6,92	0,29
6,93	0,29
6,95	0,30
6,96	0,30
6,97	0,30
6,98	0,30
6,99	0,31
7,00	0,31
7,01	0,31
7,02	0,31
7,03	0,32
7,05	0,32
7,05	0,32
7,07	0,32
7,08	0,33
7,09	0,33
7,10	0,33
7,11	0,33
7,12	0,34
7,13	0,34
7,15	0,34
7,16	0,34
7,17	0,35
7,18	0,35
7,19	0,35
7,20	0,36
7,21	0,36
7,22	0,36
7,23	0,36
7,24	0,37
7,25	0,37
7,26	0,37
7,27	0,37
7,28	0,38
7,29	0,38
7,30	0,38
7,31	0,38
7,33	0,38
7,33	0,39
7,34	0,39
7,35	0,39
7,36	0,39
7,38	0,40
7,39	0,40
7,40	0,40
7,41	0,40
7,42	0,41
7,43	0,41
7,45	0,41
7,46	0,41
7,47	0,41
7,48	0,41
7,49	0,42
7,50	0,42
7,51	0,42
7,52	0,42
7,53	0,42
7,54	0,42
7,55	0,42
7,56	0,43
7,57	0,43
7,58	0,43
7,59	0,43
7,60	0,43
7,62	0,43
7,63	0,43
7,64	0,43
7,65	0,44
7,66	0,44
7,67	0,44
7,68	0,44
7,69	0,44
7,70	0,44
7,71	0,44
7,72	0,44
7,73	0,44
7,74	0,44
7,75	0,44
7,76	0,44
7,77	0,44
7,78	0,44
7,79	0,45
7,80	0,45
7,81	0,45
7,82	0,45
7,83	0,45
7,84	0,45
7,85	0,45
7,86	0,45
7,87	0,45
7,88	0,45
7,89	0,45
7,90	0,45
7,91	0,45
7,93	0,45
7,94	0,45
7,95	0,45
7,96	0,45
7,97	0,45
7,98	0,45
7,99	0,45
8,00	0,45
8,01	0,45
8,02	0,45
8,03	0,45
8,04	0,45
8,05	0,45
8,06	0,45
8,07	0,45
8,08	0,45
8,09	0,44
8,10	0,44
8,11	0,44
8,11	0,44
8,12	0,44
8,13	0,44
8,14	0,44
8,15	0,44
8,16	0,44
8,17	0,44
8,18	0,44
8,19	0,44
8,20	0,44
8,22	0,44
8,22	0,44
8,23	0,44
8,24	0,44
8,25	0,44
8,26	0,44
8,27	0,44
8,28	0,44
8,30	0,43
8,31	0,43
8,31	0,43
8,32	0,43
8,33	0,43
8,34	0,43
8,35	0,43
8,36	0,43
8,37	0,43
8,38	0,43
8,39	0,43
8,40	0,43
8,41	0,43
8,42	0,43
8,43	0,43
8,44	0,43
8,44	0,43
8,45	0,43
8,46	0,43
8,47	0,43
8,49	0,43
8,50	0,43
8,51	0,43
8,52	0,43
8,52	0,43
8,53	0,43
8,55	0,42
8,56	0,42
8,57	0,42
8,58	0,42
8,59	0,42
8,59	0,42
8,61	0,42
8,61	0,42
8,63	0,42
8,63	0,42
8,64	0,42
8,65	0,42
8,66	0,42
8,67	0,42
8,68	0,42
8,69	0,42
8,69	0,42
8,70	0,42
8,71	0,42
8,72	0,42
8,73	0,42
8,73	0,42
8,75	0,42
8,76	0,42
8,77	0,42
8,78	0,42
8,79	0,42
8,80	0,42
8,81	0,42
8,82	0,43
8,82	0,43
8,84	0,43
8,84	0,43
8,85	0,43
8,86	0,43
8,86	0,43
8,88	0,43
8,88	0,43
8,89	0,43
8,90	0,43
8,91	0,43
8,92	0,43
8,93	0,43
8,94	0,43
8,95	0,43
8,96	0,43
8,97	0,43
8,97	0,43
8,98	0,44
8,99	0,44
9,00	0,44
9,01	0,44
9,01	0,44
9,02	0,44
9,03	0,44
9,04	0,44
9,05	0,44
9,06	0,45
9,07	0,45
9,08	0,45
9,09	0,45
9,09	0,45
9,10	0,45
9,12	0,45
9,13	0,45
9,13	0,46
9,14	0,46
9,15	0,46
9,16	0,46
9,17	0,46
9,18	0,46
9,19	0,46
9,20	0,47
9,21	0,47
9,22	0,47
9,23	0,47
9,24	0,47
9,24	0,48
9,25	0,48
9,26	0,48
9,27	0,48
9,28	0,48
9,28	0,48
9,29	0,49
9,30	0,49
9,31	0,49
9,32	0,49
9,33	0,49
9,34	0,50
9,35	0,50
9,35	0,50
9,36	0,50
9,37	0,51
9,38	0,51
9,39	0,51
9,39	0,51
9,40	0,52
9,41	0,52
9,42	0,52
9,44	0,52
9,44	0,53
9,45	0,53
9,46	0,53
9,47	0,53
9,47	0,54
9,48	0,54
9,49	0,54
9,50	0,54
9,50	0,55
9,51	0,55
9,52	0,55
9,53	0,56
9,54	0,56
9,55	0,56
9,56	0,56
9,57	0,57
9,57	0,57
9,58	0,57
9,59	0,58
9,60	0,58
9,61	0,58
9,62	0,59
9,62	0,59
9,63	0,59
9,64	0,60
9,65	0,60
9,66	0,60
9,66	0,61
9,67	0,61
9,68	0,61
9,69	0,62
9,70	0,62
9,71	0,62
9,71	0,63
9,72	0,63
9,73	0,63
9,74	0,64
9,75	0,64
9,75	0,64
9,76	0,65
9,77	0,65
9,78	0,65
9,79	0,65
9,80	0,66
9,80	0,66
9,81	0,66
9,82	0,67
9,83	0,67
9,84	0,67
9,85	0,68
9,85	0,68
9,86	0,68
9,87	0,69
9,88	0,69
9,89	0,69
9,89	0,70
9,90	0,70
9,90	0,70
9,91	0,71
9,92	0,71
9,93	0,71
9,94	0,71
9,95	0,72
9,96	0,72
9,96	0,72
9,97	0,73
9,98	0,73
9,99	0,73
10,00	0,73
10,01	0,74
10,02	0,74
10,02	0,74
10,03	0,74
10,04	0,75
10,05	0,75
10,06	0,75
10,06	0,76
10,07	0,76
10,08	0,76
10,09	0,76
10,10	0,77
10,10	0,77
10,11	0,77
10,12	0,77
10,12	0,77
10,13	0,78
10,14	0,78
10,15	0,78
10,15	0,78
10,16	0,78
10,17	0,79
10,18	0,79
10,19	0,79
10,19	0,79
10,20	0,79
10,21	0,79
10,22	0,79
10,23	0,80
10,23	0,80
10,24	0,80
10,25	0,80
10,25	0,80
10,26	0,80
10,27	0,81
10,27	0,81
10,28	0,81
10,29	0,81
10,30	0,81
10,30	0,81
10,31	0,81
10,32	0,81
10,32	0,82
10,33	0,82
10,34	0,82
10,35	0,82
10,36	0,82
10,36	0,82
10,37	0,82
10,38	0,82
10,39	0,82
10,40	0,82
10,40	0,82
10,41	0,82
10,42	0,82
10,43	0,82
10,43	0,82
10,44	0,82
10,45	0,83
10,45	0,83
10,46	0,83
10,47	0,83
10,48	0,83
10,49	0,83
10,49	0,83
10,50	0,83
10,51	0,83
10,51	0,83
10,52	0,83
10,53	0,83
10,53	0,83
10,54	0,83
10,55	0,83
10,56	0,83
10,56	0,83
10,57	0,83
10,58	0,83
10,59	0,83
10,59	0,83
10,60	0,83
10,61	0,83
10,61	0,83
10,62	0,83
10,62	0,82
10,63	0,82
10,64	0,82
10,65	0,82
10,65	0,82
10,66	0,82
10,67	0,82
10,67	0,82
10,68	0,82
10,69	0,82
10,70	0,82
10,70	0,82
10,71	0,82
10,72	0,82
10,73	0,82
10,74	0,82
10,74	0,82
10,75	0,82
10,76	0,82
10,77	0,82
10,77	0,81
10,78	0,81
10,79	0,81
10,79	0,81
10,80	0,81
10,81	0,81
10,82	0,81
10,82	0,81
10,83	0,81
10,84	0,81
10,84	0,81
10,85	0,81
10,86	0,81
10,86	0,81
10,87	0,81
10,87	0,80
10,88	0,80
10,89	0,80
10,89	0,80
10,90	0,80
10,90	0,80
10,91	0,80
10,92	0,80
10,92	0,80
10,93	0,80
10,94	0,80
10,95	0,80
10,95	0,80
10,96	0,80
10,97	0,80
10,98	0,79
10,98	0,79
10,99	0,79
11,00	0,79
11,01	0,79
11,01	0,79
11,02	0,79
11,02	0,79
11,03	0,79
11,04	0,79
11,05	0,79
11,06	0,79
11,07	0,79
11,07	0,79
11,08	0,79
11,09	0,78
11,10	0,78
11,10	0,78
11,11	0,78
11,11	0,78
11,12	0,78
11,13	0,78
11,13	0,78
11,14	0,78
11,15	0,78
11,15	0,78
11,16	0,78
11,16	0,78
11,17	0,78
11,18	0,78
11,18	0,78
11,19	0,78
11,19	0,78
11,20	0,78
11,20	0,78
11,21	0,78
11,22	0,78
11,22	0,78
11,23	0,78
11,23	0,78
11,24	0,78
11,25	0,78
11,26	0,78
11,26	0,78
11,27	0,78
11,28	0,78
11,29	0,78
11,29	0,78
11,30	0,78
11,31	0,78
11,32	0,77
11,32	0,77
11,33	0,77
11,33	0,77
11,34	0,77
11,35	0,78
11,35	0,78
11,36	0,78
11,36	0,78
11,37	0,78
11,38	0,78
11,38	0,78
11,39	0,78
11,40	0,78
11,40	0,78
11,41	0,78
11,41	0,78
11,42	0,78
11,43	0,78
11,43	0,78
11,44	0,78
11,45	0,78
11,45	0,78
11,46	0,78
11,46	0,78
11,47	0,78
11,48	0,78
11,49	0,78
11,49	0,78
11,50	0,78
11,50	0,78
11,51	0,78
11,51	0,78
11,52	0,79
11,53	0,79
11,53	0,79
11,54	0,79
11,55	0,79
11,55	0,79
11,56	0,79
11,56	0,79
11,57	0,79
11,58	0,79
11,58	0,79
11,59	0,79
11,60	0,79
11,60	0,80
11,61	0,80
11,61	0,80
11,62	0,80
11,63	0,80
11,63	0,80
11,64	0,80
11,65	0,80
11,65	0,80
11,66	0,80
11,67	0,80
11,67	0,81
11,68	0,81
11,68	0,81
11,69	0,81
11,69	0,81
11,70	0,81
11,71	0,81
11,71	0,81
11,72	0,82
11,72	0,82
11,73	0,82
11,74	0,82
11,74	0,82
11,75	0,82
11,75	0,82
11,76	0,83
11,77	0,83
11,77	0,83
11,78	0,83
11,79	0,83
11,79	0,83
11,80	0,83
11,80	0,84
11,81	0,84
11,81	0,84
11,82	0,84
11,82	0,84
11,83	0,84
11,84	0,85
11,84	0,85
11,85	0,85
11,85	0,85
11,86	0,85
11,87	0,86
11,87	0,86
11,88	0,86
11,88	0,86
11,89	0,86
11,90	0,87
11,90	0,87
11,91	0,87
11,91	0,87
11,92	0,87
11,93	0,87
11,93	0,88
11,94	0,88
11,94	0,88
11,95	0,88
11,95	0,89
11,96	0,89
11,96	0,89
11,97	0,89
11,97	0,90
11,98	0,90
11,98	0,90
11,99	0,90
12,00	0,91
12,01	0,91
12,01	0,91
12,02	0,91
12,02	0,92
12,03	0,92
12,04	0,92
12,04	0,92
12,05	0,93
12,05	0,93
12,06	0,93
12,06	0,93
12,07	0,94
12,07	0,94
12,08	0,94
12,08	0,94
12,09	0,95
12,09	0,95
12,10	0,95
12,11	0,95
12,11	0,96
12,12	0,96
12,12	0,96
12,13	0,97
12,14	0,97
12,14	0,97
12,15	0,98
12,15	0,98
12,16	0,98
12,16	0,99
12,17	0,99
12,17	1,00
12,18	1,00
12,18	1,00
12,19	1,01
12,19	1,01
12,20	1,02
12,21	1,02
12,21	1,02
12,22	1,03
12,23	1,03
12,23	1,04
12,24	1,04
12,25	1,05
12,25	1,05
12,26	1,06
12,26	1,06
12,27	1,07
12,27	1,07
12,28	1,07
12,28	1,08
12,29	1,08
12,29	1,09
12,30	1,09
12,30	1,10
12,31	1,10
12,31	1,11
12,32	1,11
12,32	1,12
12,33	1,12
12,33	1,12
12,34	1,13
12,35	1,13
12,35	1,14
12,36	1,14
12,36	1,15
12,36	1,15
12,37	1,16
12,38	1,16
12,38	1,17
12,38	1,17
12,39	1,18
12,39	1,18
12,40	1,18
12,40	1,19
12,40	1,19
12,41	1,20
12,41	1,20
12,42	1,21
12,43	1,22
12,43	1,21
12,43	1,22
12,44	1,23
12,45	1,24
12,45	1,24
12,46	1,24
12,47	1,25
12,47	1,25
12,47	1,26
12,48	1,26
12,50	1,26
12,50	1,27
12,51	1,27
12,51	1,28
12,52	1,28
12,52	1,29
12,53	1,29
12,54	1,29
12,54	1,30
12,54	1,30
12,55	1,31
12,55	1,31
12,56	1,31
12,56	1,32
12,57	1,32
12,57	1,33
12,58	1,33
12,58	1,33
12,59	1,34
12,59	1,34
12,60	1,34
12,60	1,35
12,61	1,35
12,61	1,36
12,62	1,36
12,62	1,36
12,63	1,37
12,64	1,37
12,64	1,37
12,65	1,38
12,65	1,38
12,66	1,38
12,66	1,39
12,67	1,39
12,67	1,39
12,68	1,40
12,68	1,40
12,69	1,40
12,69	1,41
12,70	1,41
12,70	1,41
12,71	1,41
12,71	1,42
12,72	1,42
12,72	1,42
12,73	1,43
12,73	1,43
12,74	1,43
12,74	1,43
12,75	1,44
12,75	1,44
12,76	1,44
12,76	1,44
12,77	1,45
12,77	1,45
12,78	1,45
12,78	1,45
12,79	1,46
12,79	1,46
12,80	1,46
12,80	1,46
12,81	1,47
12,81	1,47
12,82	1,47
12,82	1,47
12,82	1,47
12,83	1,48
12,83	1,48
12,84	1,48
12,84	1,48
12,85	1,48
12,85	1,49
12,86	1,49
12,86	1,49
12,87	1,49
12,87	1,49
12,88	1,49
12,89	1,50
12,89	1,50
12,89	1,50
12,90	1,50
12,90	1,50
12,91	1,50
12,91	1,51
12,91	1,51
12,92	1,51
12,92	1,51
12,93	1,51
12,93	1,51
12,94	1,51
12,95	1,52
12,95	1,52
12,96	1,52
12,97	1,52
12,97	1,52
12,98	1,52
12,98	1,52
12,99	1,52
12,99	1,52
13,00	1,52
13,01	1,53
13,01	1,53
13,02	1,53
13,02	1,53
13,02	1,53
13,03	1,53
13,03	1,53
13,03	1,53
13,03	1,53
13,04	1,53
13,04	1,53
13,05	1,53
13,05	1,54
13,05	1,54
13,06	1,54
13,06	1,54
13,06	1,54
13,07	1,54
13,08	1,54
13,09	1,54
13,09	1,54
13,09	1,54
13,10	1,54
13,11	1,54
13,11	1,54
13,12	1,54
13,13	1,54
13,13	1,54
13,14	1,54
13,15	1,54
13,15	1,54
13,15	1,54
13,15	1,54
13,16	1,54
13,16	1,54
13,17	1,54
13,18	1,54
13,18	1,54
13,19	1,54
13,19	1,54
13,20	1,54
13,20	1,54
13,21	1,54
13,21	1,54
13,22	1,54
13,22	1,54
13,23	1,54
13,23	1,54
13,23	1,54
13,23	1,54
13,24	1,54
13,24	1,54
13,25	1,54
13,25	1,54
13,26	1,54
13,26	1,54
13,27	1,54
13,27	1,54
13,27	1,54
13,28	1,54
13,28	1,54
13,29	1,54
13,29	1,54
13,29	1,54
13,30	1,54
13,30	1,54
13,31	1,54
13,31	1,54
13,32	1,54
13,32	1,54
13,33	1,54
13,33	1,54
13,34	1,54
13,34	1,53
13,34	1,53
13,35	1,53
13,35	1,53
13,36	1,53
13,36	1,53
13,36	1,53
13,37	1,53
13,37	1,53
13,37	1,53
13,38	1,53
13,38	1,53
13,39	1,53
13,39	1,53
13,40	1,53
13,40	1,53
13,40	1,53
13,41	1,53
13,41	1,53
13,42	1,53
13,42	1,53
13,43	1,53
13,43	1,53
13,44	1,53
13,44	1,53
13,44	1,53
13,45	1,53
13,45	1,53
13,45	1,53
13,46	1,53
13,46	1,53
13,47	1,53
13,47	1,53
13,47	1,53
13,48	1,53
13,48	1,53
13,49	1,53
13,49	1,53
13,50	1,53
13,50	1,52
13,51	1,52
13,51	1,52
13,52	1,52
13,52	1,52
13,52	1,52
13,53	1,52
13,53	1,52
13,53	1,52
13,54	1,52
13,54	1,52
13,55	1,52
13,55	1,52
13,55	1,52
13,56	1,52
13,56	1,52
13,57	1,52
13,57	1,52
13,57	1,52
13,58	1,52
13,58	1,52
13,59	1,52
13,59	1,52
13,59	1,52
13,60	1,52
13,60	1,52
13,61	1,52
13,61	1,52
13,61	1,52
13,62	1,52
13,62	1,52
13,63	1,52
13,63	1,52
13,64	1,52
13,64	1,51
13,65	1,51
13,65	1,51
13,66	1,51
13,66	1,51
13,66	1,51
13,67	1,51
13,67	1,51
13,68	1,51
13,68	1,51
13,68	1,52
13,68	1,52
13,69	1,52
13,69	1,52
13,70	1,52
13,70	1,52
13,71	1,51
13,71	1,51
13,71	1,51
13,72	1,51
13,72	1,51
13,72	1,51
13,73	1,51
13,73	1,51
13,73	1,51
13,74	1,51
13,74	1,51
13,74	1,51
13,75	1,51
13,75	1,51
13,76	1,51
13,76	1,51
13,77	1,51
13,77	1,51
13,77	1,51
13,78	1,52
13,78	1,52
13,78	1,52
13,79	1,52
13,79	1,52
13,80	1,52
13,80	1,52
13,80	1,52
13,81	1,52
13,81	1,52
13,82	1,52
13,82	1,52
13,83	1,52
13,83	1,52
13,83	1,52
13,84	1,52
13,84	1,52
13,85	1,52
13,85	1,52
13,86	1,52
13,86	1,52
13,86	1,52
13,86	1,52
13,87	1,52
13,87	1,52
13,87	1,52
13,88	1,52
13,88	1,52
13,88	1,52
13,89	1,52
13,89	1,52
13,89	1,52
13,90	1,52
13,90	1,53
13,91	1,53
13,91	1,53
13,91	1,53
13,92	1,53
13,92	1,53
13,93	1,53
13,93	1,53
13,93	1,53
13,94	1,53
13,94	1,53
13,94	1,53
13,95	1,53
13,95	1,53
13,96	1,53
13,96	1,53
13,96	1,53
13,97	1,53
13,97	1,53
13,98	1,54
13,98	1,54
13,98	1,54
13,99	1,54
13,99	1,54
13,99	1,54
14,00	1,54
14,00	1,54
14,01	1,54
14,01	1,54
14,01	1,54
14,01	1,54
14,02	1,54
14,02	1,54
14,02	1,55
14,03	1,55
14,03	1,55
14,04	1,55
14,04	1,55
14,04	1,55
14,05	1,55
14,05	1,55
14,06	1,55
14,06	1,55
14,06	1,56
14,07	1,56
14,07	1,56
14,07	1,56
14,08	1,56
14,08	1,56
14,09	1,56
14,09	1,56
14,09	1,56
14,10	1,56
14,10	1,57
14,11	1,57
14,11	1,57
14,11	1,57
14,12	1,57
14,12	1,57
14,12	1,57
14,13	1,57
14,13	1,57
14,13	1,57
14,13	1,58
14,14	1,58
14,14	1,58
14,14	1,58
14,15	1,58
14,15	1,58
14,15	1,58
14,16	1,58
14,16	1,58
14,16	1,59
14,17	1,59
14,17	1,59
14,18	1,59
14,18	1,59
14,18	1,59
14,18	1,59
14,19	1,59
14,19	1,60
14,20	1,60
14,20	1,60
14,20	1,60
14,21	1,60
14,21	1,60
14,21	1,60
14,22	1,60
14,22	1,61
14,22	1,61
14,23	1,61
14,23	1,61
14,23	1,61
14,24	1,61
14,24	1,62
14,24	1,62
14,25	1,62
14,25	1,62
14,26	1,62
14,26	1,62
14,26	1,62
14,27	1,62
14,27	1,63
14,27	1,63
14,28	1,63
14,28	1,63
14,29	1,63
14,29	1,63
14,29	1,64
14,29	1,64
14,30	1,64
14,30	1,64
14,31	1,64
14,31	1,64
14,31	1,65
14,32	1,65
14,32	1,65
14,32	1,65
14,32	1,65
14,32	1,66
14,33	1,66
14,33	1,66
14,33	1,66
14,33	1,66
14,34	1,66
14,34	1,67
14,35	1,67
14,35	1,67
14,35	1,67
14,36	1,67
14,36	1,68
14,36	1,68
14,37	1,68
14,37	1,68
14,37	1,68
14,38	1,68
14,38	1,69
14,38	1,69
14,39	1,69
14,39	1,69
14,40	1,69
14,40	1,70
14,40	1,70
14,41	1,70
14,41	1,70
14,41	1,70
14,42	1,71
14,42	1,71
14,42	1,71
14,42	1,71
14,43	1,72
14,43	1,72
14,43	1,72
14,44	1,72
14,44	1,72
14,44	1,73
14,44	1,73
14,45	1,73
14,45	1,73
14,45	1,73
14,45	1,74
14,46	1,74
14,46	1,74
14,46	1,74
14,47	1,75
14,47	1,75
14,47	1,75
14,48	1,75
14,48	1,75
14,48	1,76
14,49	1,76
14,49	1,76
14,49	1,76
14,50	1,77
14,50	1,77
14,51	1,77
14,51	1,77
14,51	1,78
14,52	1,78
14,52	1,78
14,52	1,78
14,53	1,79
14,53	1,79
14,53	1,79
14,53	1,79
14,54	1,79
14,54	1,80
14,54	1,80
14,55	1,80
14,55	1,80
14,55	1,81
14,56	1,81
14,56	1,81
14,56	1,81
14,56	1,82
14,57	1,82
14,57	1,82
14,58	1,82
14,58	1,83
14,58	1,83
14,58	1,83
14,59	1,83
14,59	1,84
14,59	1,84
14,60	1,84
14,60	1,84
14,60	1,85
14,60	1,85
14,61	1,85
14,61	1,85
14,61	1,86
14,62	1,86
14,62	1,86
14,62	1,87
14,63	1,87
14,63	1,87
14,64	1,87
14,64	1,88
14,64	1,88
14,65	1,88
14,65	1,88
14,65	1,89
14,66	1,89
14,66	1,89
14,66	1,90
14,66	1,90
14,66	1,90
14,67	1,91
14,67	1,92
14,67	1,92
14,68	1,92
14,68	1,92
14,69	1,93
14,69	1,93
14,70	1,93
14,71	1,94
14,71	1,94
14,71	1,94
14,71	1,94
14,72	1,95
14,72	1,95
14,72	1,95
14,73	1,96
14,73	1,96
14,73	1,97
14,74	1,97
14,74	1,97
14,74	1,98
14,75	1,98
14,75	1,98
14,76	1,99
14,76	1,99
14,76	1,99
14,76	2,00
14,77	2,00
14,77	2,00
14,77	2,00
14,78	2,01
14,78	2,01
14,78	2,02
14,79	2,02
14,79	2,02
14,79	2,03
14,80	2,03
14,80	2,03
14,80	2,04
14,81	2,04
14,81	2,04
14,81	2,05
14,81	2,05
14,81	2,05
14,82	2,06
14,82	2,06
14,83	2,06
14,83	2,07
14,83	2,07
14,84	2,07
14,84	2,08
14,84	2,08
14,84	2,08
14,85	2,09
14,85	2,09
14,85	2,09
14,86	2,09
14,86	2,10
14,86	2,10
14,87	2,10
14,87	2,11
14,87	2,11
14,88	2,11
14,88	2,12
14,88	2,12
14,88	2,12
14,89	2,13
14,89	2,13
14,89	2,13
14,89	2,13
14,90	2,14
14,90	2,14
14,90	2,14
14,90	2,15
14,90	2,15
14,91	2,15
14,91	2,15
14,91	2,16
14,92	2,16
14,92	2,16
14,92	2,17
14,93	2,17
14,93	2,17
14,93	2,18
14,94	2,18
14,94	2,18
14,94	2,18
14,94	2,19
14,94	2,19
14,94	2,19
14,95	2,20
14,95	2,20
14,95	2,20
14,95	2,21
14,96	2,21
14,96	2,21
14,96	2,22
14,97	2,22
14,97	2,22
14,97	2,22
14,98	2,23
14,98	2,23
14,98	2,23
14,98	2,24
14,99	2,24
14,99	2,24
14,99	2,24
15,00	2,25
15,00	2,25
15,00	2,26
15,00	2,26
15,01	2,26
15,01	2,26
15,01	2,27
15,01	2,27
15,02	2,27
15,02	2,28
15,02	2,28
15,03	2,28
15,03	2,28
15,03	2,29
15,03	2,29
15,03	2,29
15,04	2,30
15,04	2,30
15,04	2,30
15,05	2,30
15,05	2,31
15,05	2,31
15,05	2,32
15,06	2,32
15,06	2,32
15,06	2,32
15,07	2,33
15,07	2,33
15,08	2,33
15,08	2,34
15,09	2,34
15,09	2,34
15,09	2,34
15,09	2,35
15,09	2,36
15,10	2,36
15,10	2,37
15,10	2,37
15,10	2,37
15,11	2,38
15,11	2,38
15,12	2,38
15,12	2,38
15,12	2,39
15,12	2,39
15,13	2,39
15,13	2,39
15,13	2,40
15,14	2,40
15,14	2,40
15,14	2,40
15,14	2,41
15,15	2,41
15,15	2,41
15,15	2,41
15,15	2,42
15,15	2,42
15,16	2,42
15,16	2,42
15,16	2,43
15,17	2,43
15,17	2,43
15,17	2,43
15,17	2,44
15,18	2,44
15,18	2,44
15,18	2,44
15,18	2,45
15,18	2,45
15,19	2,45
15,19	2,45
15,19	2,46
15,19	2,46
15,19	2,46
15,20	2,46
15,20	2,47
15,20	2,47
15,21	2,47
15,21	2,47
15,21	2,47
15,21	2,48
15,22	2,48
15,22	2,48
15,22	2,48
15,23	2,48
15,23	2,49
15,23	2,49
15,23	2,49
15,24	2,49
15,24	2,50
15,24	2,50
15,24	2,50
15,24	2,50
15,25	2,50
15,25	2,51
15,25	2,51
15,25	2,51
15,26	2,51
15,26	2,52
15,26	2,52
15,26	2,52
15,26	2,52
15,27	2,52
15,27	2,53
15,27	2,53
15,27	2,53
15,28	2,53
15,28	2,53
15,28	2,54
15,28	2,54
15,29	2,54
15,29	2,54
15,29	2,54
15,29	2,55
15,30	2,55
15,30	2,55
15,30	2,55
15,30	2,55
15,31	2,56
15,31	2,56
15,31	2,56
15,31	2,56
15,31	2,56
15,32	2,57
15,32	2,57
15,32	2,57
15,32	2,57
15,33	2,57
15,33	2,58
15,33	2,58
15,33	2,58
15,34	2,58
15,34	2,58
15,34	2,58
15,34	2,59
15,35	2,59
15,35	2,59
15,35	2,59
15,36	2,59
15,36	2,59
15,36	2,60
15,36	2,60
15,37	2,60
15,37	2,60
15,37	2,60
15,37	2,61
15,37	2,61
15,38	2,61
15,38	2,61
15,38	2,61
15,38	2,61
15,38	2,62
15,39	2,62
15,39	2,62
15,39	2,62
15,39	2,62
15,40	2,62
15,40	2,62
15,40	2,63
15,40	2,63
15,40	2,63
15,41	2,63
15,41	2,63
15,41	2,63
15,41	2,63
15,42	2,64
15,42	2,64
15,42	2,64
15,42	2,64
15,43	2,64
15,43	2,64
15,43	2,64
15,43	2,64
15,44	2,65
15,44	2,65
15,44	2,65
15,44	2,65
15,45	2,65
15,45	2,65
15,45	2,65
15,45	2,65
15,46	2,65
15,46	2,66
15,46	2,66
15,46	2,66
15,46	2,66
15,47	2,66
15,47	2,66
15,47	2,66
15,47	2,67
15,47	2,67
15,48	2,67
15,48	2,67
15,48	2,67
15,48	2,67
15,48	2,67
15,49	2,67
15,49	2,67
15,49	2,67
15,49	2,68
15,50	2,68
15,50	2,68
15,50	2,68
15,50	2,68
15,51	2,68
15,51	2,68
15,51	2,68
15,51	2,68
15,51	2,68
15,52	2,69
15,52	2,69
15,52	2,69
15,52	2,69
15,52	2,69
15,53	2,69
15,53	2,69
15,53	2,69
15,53	2,69
15,53	2,69
15,54	2,70
15,54	2,70
15,54	2,70
15,54	2,70
15,54	2,70
15,54	2,70
15,55	2,70
15,55	2,70
15,55	2,70
15,55	2,70
15,56	2,70
15,56	2,70
15,56	2,71
15,56	2,71
15,56	2,71
15,57	2,71
15,57	2,71
15,57	2,71
15,58	2,71
15,58	2,71
15,58	2,71
15,58	2,71
15,59	2,71
15,59	2,71
15,59	2,71
15,59	2,71
15,59	2,72
15,60	2,72
15,60	2,72
15,60	2,72
15,60	2,72
15,61	2,72
15,61	2,72
15,61	2,72
15,61	2,72
15,61	2,72
15,62	2,72
15,62	2,72
15,62	2,72
15,62	2,72
15,63	2,72
15,63	2,72
15,63	2,72
15,63	2,73
15,63	2,73
15,63	2,73
15,64	2,73
15,64	2,73
15,64	2,73
15,64	2,73
15,65	2,73
15,65	2,73
15,65	2,73
15,65	2,73
15,65	2,73
15,66	2,73
15,66	2,73
15,66	2,73
15,66	2,73
15,66	2,73
15,67	2,73
15,67	2,73
15,67	2,73
15,67	2,73
15,68	2,74
15,68	2,74
15,68	2,74
15,68	2,74
15,68	2,74
15,68	2,74
15,69	2,74
15,69	2,74
15,69	2,74
15,69	2,74
15,70	2,74
15,70	2,74
15,70	2,74
15,70	2,74
15,70	2,74
15,70	2,74
15,71	2,74
15,71	2,74
15,71	2,74
15,71	2,74
15,71	2,74
15,72	2,74
15,72	2,74
15,72	2,74
15,72	2,74
15,72	2,74
15,72	2,74
15,73	2,74
15,73	2,74
15,73	2,74
15,73	2,74
15,73	2,74
15,73	2,74
15,74	2,74
15,74	2,74
15,74	2,74
15,75	2,74
15,75	2,74
15,75	2,75
15,76	2,75
15,76	2,75
15,77	2,75
15,77	2,75
15,77	2,75
15,78	2,75
15,78	2,75
15,78	2,75
15,78	2,75
15,78	2,75
15,79	2,75
15,79	2,75
15,79	2,75
15,79	2,75
15,80	2,75
15,80	2,75
15,80	2,75
15,81	2,75
15,81	2,75
15,81	2,75
15,81	2,75
15,81	2,75
15,82	2,75
15,82	2,75
15,82	2,75
15,83	2,75
15,83	2,75
15,83	2,75
15,83	2,75
15,84	2,75
15,84	2,75
15,84	2,75
15,84	2,75
15,84	2,75
15,85	2,75
15,85	2,75
15,85	2,75
15,85	2,75
15,86	2,75
15,86	2,75
15,86	2,75
15,86	2,75
15,86	2,75
15,87	2,75
15,87	2,75
15,87	2,75
15,87	2,75
15,88	2,75
15,88	2,75
15,88	2,75
15,88	2,75
15,89	2,75
15,89	2,75
15,89	2,75
15,89	2,75
15,89	2,75
15,90	2,75
15,90	2,75
15,90	2,75
15,90	2,75
15,90	2,75
15,90	2,75
15,90	2,75
15,91	2,75
15,91	2,75
15,91	2,75
15,91	2,75
15,91	2,75
15,91	2,75
15,92	2,75
15,92	2,75
15,92	2,75
15,92	2,75
15,93	2,75
15,93	2,75
15,93	2,75
15,93	2,75
15,93	2,75
15,94	2,75
15,94	2,75
15,94	2,75
15,94	2,75
15,95	2,75
15,95	2,75
15,95	2,75
15,95	2,75
15,95	2,75
15,96	2,75
15,96	2,75
15,96	2,75
15,97	2,75
15,97	2,75
15,97	2,75
15,98	2,75
15,98	2,75
15,99	2,75
15,99	2,75
15,99	2,75
15,99	2,75
16,00	2,75
16,00	2,74
16,00	2,75
16,01	2,75
16,01	2,75
16,01	2,75
16,01	2,75
16,01	2,75
16,02	2,75
16,02	2,74
16,02	2,74
16,02	2,74
16,02	2,74
16,02	2,74
16,02	2,74
16,03	2,74
16,03	2,74
16,03	2,74
16,03	2,74
16,03	2,74
16,04	2,74
16,04	2,74
16,04	2,74
16,04	2,74
16,04	2,74
16,05	2,74
16,05	2,74
16,05	2,74
16,05	2,74
16,05	2,74
16,05	2,74
16,06	2,74
16,06	2,74
16,06	2,74
16,06	2,74
16,07	2,74
16,07	2,74
16,07	2,74
16,07	2,74
16,07	2,74
16,07	2,74
16,08	2,74
16,08	2,74
16,08	2,74
16,08	2,74
16,08	2,74
16,08	2,74
16,08	2,74
16,09	2,74
16,09	2,74
16,09	2,74
16,09	2,74
16,09	2,74
16,10	2,74
16,10	2,74
16,10	2,74
16,10	2,74
16,11	2,74
16,11	2,74
16,11	2,74
16,11	2,74
16,12	2,74
16,12	2,74
16,12	2,74
16,12	2,74
16,13	2,74
16,13	2,74
16,13	2,74
16,13	2,74
16,13	2,74
16,14	2,74
16,14	2,74
16,14	2,74
16,14	2,74
16,14	2,74
16,14	2,74
16,15	2,74
16,15	2,74
16,15	2,74
16,15	2,74
16,15	2,74
16,16	2,74
16,16	2,74
16,16	2,74
16,16	2,74
16,16	2,74
16,16	2,74
16,16	2,74
16,17	2,74
16,17	2,74
16,17	2,73
16,17	2,73
16,17	2,73
16,18	2,73
16,18	2,73
16,18	2,73
16,18	2,73
16,19	2,73
16,19	2,73
16,19	2,73
16,19	2,73
16,19	2,73
16,20	2,73
16,20	2,73
16,20	2,73
16,20	2,73
16,20	2,73
16,20	2,73
16,21	2,73
16,21	2,73
16,21	2,73
16,21	2,73
16,22	2,73
16,22	2,73
16,22	2,73
16,22	2,73
16,23	2,73
16,23	2,73
16,23	2,73
16,23	2,73
16,23	2,73
16,24	2,73
16,24	2,73
16,24	2,73
16,24	2,73
16,24	2,73
16,24	2,73
16,25	2,73
16,25	2,73
16,25	2,73
16,25	2,73
16,25	2,73
16,25	2,73
16,25	2,73
16,26	2,73
16,26	2,73
16,26	2,73
16,26	2,73
16,26	2,73
16,26	2,73
16,27	2,73
16,27	2,73
16,27	2,73
16,27	2,73
16,27	2,73
16,27	2,73
16,27	2,73
16,28	2,73
16,28	2,73
16,28	2,73
16,28	2,73
16,28	2,73
16,29	2,73
16,29	2,73
16,29	2,73
16,29	2,73
16,29	2,73
16,29	2,73
16,30	2,73
16,30	2,73
16,30	2,73
16,30	2,73
16,31	2,73
16,31	2,73
16,31	2,73
16,31	2,73
16,31	2,73
16,31	2,73
16,31	2,73
16,32	2,73
16,32	2,73
16,32	2,73
16,32	2,73
16,32	2,73
16,33	2,73
16,33	2,73
16,33	2,74
16,33	2,73
16,34	2,74
16,34	2,73
16,34	2,73
16,35	2,74
16,35	2,74
16,35	2,74
16,35	2,74
16,36	2,74
16,36	2,74
16,36	2,74
16,36	2,74
16,37	2,74
16,37	2,74
16,37	2,74
16,37	2,74
16,37	2,74
16,38	2,74
16,38	2,74
16,38	2,74
16,38	2,74
16,39	2,74
16,39	2,74
16,39	2,74
16,39	2,74
16,39	2,74
16,40	2,74
16,40	2,74
16,40	2,74
16,40	2,74
16,41	2,74
16,41	2,74
16,41	2,74
16,41	2,74
16,41	2,74
16,42	2,74
16,42	2,74
16,42	2,74
16,42	2,74
16,42	2,74
16,42	2,74
16,43	2,74
16,43	2,74
16,43	2,74
16,43	2,74
16,43	2,74
16,44	2,74
16,44	2,74
16,44	2,74
16,44	2,75
16,44	2,75
16,44	2,75
16,44	2,75
16,45	2,75
16,45	2,75
16,45	2,75
16,45	2,75
16,45	2,75
16,45	2,76
16,45	2,76
16,46	2,76
16,46	2,76
16,46	2,76
16,46	2,76
16,47	2,76
16,47	2,76
16,47	2,76
16,47	2,76
16,48	2,76
16,48	2,76
16,48	2,76
16,48	2,76
16,48	2,76
16,48	2,76
16,49	2,76
16,49	2,76
16,49	2,76
16,49	2,76
16,50	2,76
16,50	2,76
16,50	2,76
16,50	2,76
16,50	2,76
16,51	2,76
16,51	2,76
16,51	2,76
16,51	2,76
16,51	2,76
16,51	2,76
16,52	2,76
16,52	2,76
16,52	2,76
16,52	2,76
16,53	2,76
16,53	2,76
16,53	2,76
16,53	2,76
16,53	2,77
16,53	2,77
16,54	2,77
16,54	2,77
16,54	2,77
16,54	2,77
16,55	2,77
16,55	2,77
16,55	2,77
16,55	2,77
16,55	2,77
16,56	2,77
16,56	2,77
16,56	2,77
16,56	2,77
16,56	2,77
16,56	2,77
16,56	2,77
16,57	2,77
16,57	2,77
16,57	2,77
16,57	2,77
16,57	2,77
16,58	2,78
16,58	2,78
16,58	2,78
16,58	2,78
16,58	2,78
16,58	2,78
16,59	2,78
16,59	2,78
16,59	2,78
16,59	2,78
16,59	2,78
16,59	2,78
16,59	2,78
16,60	2,78
16,60	2,78
16,60	2,78
16,60	2,78
16,60	2,78
16,60	2,78
16,61	2,79
16,61	2,79
16,61	2,79
16,61	2,79
16,61	2,79
16,61	2,79
16,62	2,79
16,62	2,79
16,62	2,79
16,62	2,79
16,62	2,79
16,62	2,79
16,63	2,79
16,63	2,79
16,63	2,79
16,63	2,80
16,63	2,80
16,63	2,80
16,64	2,80
16,64	2,80
16,64	2,80
16,64	2,80
16,64	2,80
16,64	2,80
16,64	2,81
16,65	2,81
16,65	2,81
16,65	2,81
16,65	2,81
16,65	2,81
16,66	2,81
16,66	2,81
16,66	2,82
16,66	2,82
16,66	2,82
16,66	2,82
16,67	2,82
16,67	2,82
16,67	2,82
16,67	2,82
16,67	2,82
16,67	2,82
16,68	2,83
16,68	2,83
16,68	2,83
16,68	2,83
16,68	2,83
16,68	2,83
16,69	2,83
16,69	2,83
16,69	2,83
16,69	2,84
16,69	2,84
16,69	2,84
16,70	2,84
16,70	2,84
16,70	2,84
16,70	2,84
16,70	2,84
16,70	2,84
16,71	2,84
16,71	2,85
16,71	2,85
16,71	2,85
16,71	2,85
16,71	2,85
16,72	2,85
16,72	2,85
16,72	2,85
16,72	2,85
16,72	2,86
16,73	2,86
16,73	2,86
16,73	2,86
16,73	2,86
16,73	2,86
16,73	2,86
16,73	2,87
16,74	2,87
16,74	2,87
16,74	2,87
16,74	2,87
16,74	2,87
16,75	2,87
16,75	2,87
16,75	2,87
16,75	2,87
16,75	2,87
16,75	2,87
16,75	2,87
16,76	2,87
16,76	2,88
16,76	2,88
16,76	2,88
16,76	2,88
16,76	2,88
16,77	2,88
16,77	2,88
16,77	2,88
16,77	2,88
16,77	2,88
16,77	2,88
16,78	2,88
16,78	2,89
16,78	2,89
16,78	2,89
16,78	2,89
16,78	2,89
16,78	2,90
16,79	2,90
16,79	2,90
16,79	2,90
16,80	2,90
16,80	2,91
16,80	2,91
16,80	2,91
16,80	2,91
16,80	2,91
16,81	2,91
16,81	2,91
16,81	2,91
16,81	2,91
16,81	2,91
16,82	2,91
16,82	2,92
16,82	2,92
16,82	2,92
16,83	2,92
16,83	2,99
16,83	2,92
16,83	2,92
16,83	2,93
16,83	3,05
16,83	3,17
16,84	3,22
16,84	3,25
16,84	3,26
16,84	3,28
16,84	3,29
16,84	3,30
16,85	3,32
16,85	3,33
16,85	3,33
16,85	3,33
16,85	3,33
16,86	3,33
16,86	3,33
16,86	3,33
16,86	3,33
16,86	3,32
16,86	3,25
16,87	3,24
16,87	3,23
16,87	3,23
16,87	3,22
16,87	3,22
16,88	3,21
16,88	3,20
16,88	3,18
16,88	3,16
16,89	3,16
16,89	3,16
16,89	3,14
16,89	3,13
16,89	3,12
16,89	3,12
16,89	3,11
16,90	3,11
16,90	3,11
16,90	3,10
16,90	3,10
16,90	3,08
16,91	3,08
16,91	3,08
16,91	3,08
16,91	3,07
16,92	3,07
16,92	3,07
16,92	3,07
16,92	3,07
16,92	3,06
16,92	3,06
16,92	3,06
16,93	3,06
16,93	3,05
16,93	3,05
16,93	3,05
16,93	3,05
16,93	3,05
16,94	3,05
16,94	3,05
16,94	3,05
16,94	3,05
16,94	3,05
16,95	3,05
16,95	3,05
16,95	3,05
16,95	3,05
16,96	3,05
16,96	3,05
16,96	3,05
16,96	3,06
16,96	3,06
16,96	3,06
16,97	3,06
16,97	3,06
16,97	3,06
16,97	3,06
16,97	3,06
16,97	3,06
16,97	3,06
16,98	3,07
16,98	3,07
16,98	3,07
16,98	3,07
16,98	3,07
16,98	3,07
16,98	3,08
16,99	3,08
16,99	3,08
16,99	3,08
16,99	3,08
16,99	3,08
16,99	3,08
17,00	3,08
17,00	3,08
17,00	3,09
17,00	3,09
17,00	3,09
17,00	3,09
17,01	3,09
17,01	3,09
17,01	3,10
17,01	3,10
17,01	3,10
17,01	3,10
17,01	3,10
17,02	3,11
17,02	3,11
17,02	3,11
17,02	3,11
17,02	3,11
17,02	3,11
17,03	3,12
17,03	3,12
17,03	3,12
17,03	3,13
17,03	3,13
17,03	3,13
17,04	3,13
17,04	3,13
17,04	3,13
17,04	3,13
17,04	3,14
17,04	3,14
